Dynamical matrix file
File generated with the CellConstructor by Lorenzo Monacelli
3 5 0     1.8897259890000000     0.0000000000000000     0.0000000000000000     0.0000000000000000     0.0000000000000000     0.0000000000000000
Basis vectors
    4.0162168494695329     0.0000000000000000     0.0000000000000001
   -0.0000000000000002     4.0162168494695285    -0.0000000000000146
   -0.0000000000000005    -0.0000000000000098     4.0162168494695232
	1  'Ba '  125165.9077335107867839
	2  'Ti '  43628.1030349454958923
	3  'O '  14582.1969301625977096
    1     1     0.0000000000000001    -0.0000000000000003    -0.0000000000000000
    2     2     2.0081084247347665     2.0081084247347594     2.0081084247347545
    3     3     0.0000000000000004     2.0081084247347594     2.0081084247347545
    4     3     2.0081084247347665    -0.0000000000000057     2.0081084247347611
    5     3     2.0081084247347669     2.0081084247347643    -0.0000000000000074

     Dynamical Matrix in cartesian axes

     q = (     0.000000000000     0.000000000000     0.000000000000 )

    1    1
     0.1268288325336660     0.0000000000000000        0.0000000000000000     0.0000000000000000        0.0000000000000000     0.0000000000000000
     0.0000000000000000     0.0000000000000000        0.1268288325336663     0.0000000000000000        0.0000000000000008     0.0000000000000000
     0.0000000000000000     0.0000000000000000        0.0000000000000008     0.0000000000000000        0.1268288325336666     0.0000000000000000
    1    2
    -0.0664815694586027     0.0000000000000000       -0.0000000000000000     0.0000000000000000       -0.0000000000000000     0.0000000000000000
    -0.0000000000000000     0.0000000000000000       -0.0664815694586028     0.0000000000000000       -0.0000000000000004     0.0000000000000000
    -0.0000000000000000     0.0000000000000000       -0.0000000000000004     0.0000000000000000       -0.0664815694586030     0.0000000000000000
    1    3
    -0.0231449078297998     0.0000000000000000       -0.0000000000000000     0.0000000000000000       -0.0000000000000000     0.0000000000000000
    -0.0000000000000000     0.0000000000000000       -0.0186011776226319     0.0000000000000000       -0.0000000000000001     0.0000000000000000
    -0.0000000000000000     0.0000000000000000       -0.0000000000000001     0.0000000000000000       -0.0186011776226319     0.0000000000000000
    1    4
    -0.0186011776226318     0.0000000000000000       -0.0000000000000000     0.0000000000000000       -0.0000000000000000     0.0000000000000000
    -0.0000000000000000     0.0000000000000000       -0.0231449078297999     0.0000000000000000       -0.0000000000000001     0.0000000000000000
    -0.0000000000000000     0.0000000000000000       -0.0000000000000001     0.0000000000000000       -0.0186011776226319     0.0000000000000000
    1    5
    -0.0186011776226318     0.0000000000000000       -0.0000000000000000     0.0000000000000000       -0.0000000000000000     0.0000000000000000
    -0.0000000000000000     0.0000000000000000       -0.0186011776226319     0.0000000000000000       -0.0000000000000001     0.0000000000000000
    -0.0000000000000000     0.0000000000000000       -0.0000000000000001     0.0000000000000000       -0.0231449078297999     0.0000000000000000
    2    1
    -0.0664815694586027     0.0000000000000000       -0.0000000000000000     0.0000000000000000       -0.0000000000000000     0.0000000000000000
    -0.0000000000000000     0.0000000000000000       -0.0664815694586028     0.0000000000000000       -0.0000000000000004     0.0000000000000000
    -0.0000000000000000     0.0000000000000000       -0.0000000000000004     0.0000000000000000       -0.0664815694586030     0.0000000000000000
    2    2
     0.0559191778835552     0.0000000000000000        0.0000000000000000     0.0000000000000000        0.0000000000000000     0.0000000000000000
     0.0000000000000000     0.0000000000000000        0.0559191778835553     0.0000000000000000        0.0000000000000003     0.0000000000000000
     0.0000000000000000     0.0000000000000000        0.0000000000000003     0.0000000000000000        0.0559191778835554     0.0000000000000000
    2    3
     0.0484269181475181     0.0000000000000000        0.0000000000000000     0.0000000000000000        0.0000000000000000     0.0000000000000000
     0.0000000000000000     0.0000000000000000       -0.0189322632862352     0.0000000000000000       -0.0000000000000001     0.0000000000000000
     0.0000000000000000     0.0000000000000000       -0.0000000000000001     0.0000000000000000       -0.0189322632862353     0.0000000000000000
    2    4
    -0.0189322632862352     0.0000000000000000       -0.0000000000000000     0.0000000000000000       -0.0000000000000000     0.0000000000000000
    -0.0000000000000000     0.0000000000000000        0.0484269181475182     0.0000000000000000        0.0000000000000000     0.0000000000000000
    -0.0000000000000000     0.0000000000000000        0.0000000000000000     0.0000000000000000       -0.0189322632862353     0.0000000000000000
    2    5
    -0.0189322632862352     0.0000000000000000       -0.0000000000000000     0.0000000000000000       -0.0000000000000000     0.0000000000000000
    -0.0000000000000000     0.0000000000000000       -0.0189322632862352     0.0000000000000000        0.0000000000000001     0.0000000000000000
    -0.0000000000000000     0.0000000000000000        0.0000000000000001     0.0000000000000000        0.0484269181475183     0.0000000000000000
    3    1
    -0.0231449078297998     0.0000000000000000       -0.0000000000000000     0.0000000000000000       -0.0000000000000000     0.0000000000000000
    -0.0000000000000000     0.0000000000000000       -0.0186011776226319     0.0000000000000000       -0.0000000000000001     0.0000000000000000
    -0.0000000000000000     0.0000000000000000       -0.0000000000000001     0.0000000000000000       -0.0186011776226319     0.0000000000000000
    3    2
     0.0484269181475181     0.0000000000000000        0.0000000000000000     0.0000000000000000        0.0000000000000000     0.0000000000000000
     0.0000000000000000     0.0000000000000000       -0.0189322632862352     0.0000000000000000       -0.0000000000000001     0.0000000000000000
     0.0000000000000000     0.0000000000000000       -0.0000000000000001     0.0000000000000000       -0.0189322632862353     0.0000000000000000
    3    3
     0.1488300564345477     0.0000000000000000        0.0000000000000000     0.0000000000000000        0.0000000000000000     0.0000000000000000
     0.0000000000000000     0.0000000000000000        0.1117855204447159     0.0000000000000000        0.0000000000000007     0.0000000000000000
     0.0000000000000000     0.0000000000000000        0.0000000000000007     0.0000000000000000        0.1117855204447162     0.0000000000000000
    3    4
    -0.0870560333761328     0.0000000000000000       -0.0000000000000000     0.0000000000000000       -0.0000000000000000     0.0000000000000000
    -0.0000000000000000     0.0000000000000000       -0.0870560333761330     0.0000000000000000       -0.0000000000000002     0.0000000000000000
    -0.0000000000000000     0.0000000000000000       -0.0000000000000002     0.0000000000000000        0.0128039538402843     0.0000000000000000
    3    5
    -0.0870560333761328     0.0000000000000000       -0.0000000000000000     0.0000000000000000       -0.0000000000000000     0.0000000000000000
    -0.0000000000000000     0.0000000000000000        0.0128039538402843     0.0000000000000000       -0.0000000000000003     0.0000000000000000
    -0.0000000000000000     0.0000000000000000       -0.0000000000000003     0.0000000000000000       -0.0870560333761332     0.0000000000000000
    4    1
    -0.0186011776226318     0.0000000000000000       -0.0000000000000000     0.0000000000000000       -0.0000000000000000     0.0000000000000000
    -0.0000000000000000     0.0000000000000000       -0.0231449078297999     0.0000000000000000       -0.0000000000000001     0.0000000000000000
    -0.0000000000000000     0.0000000000000000       -0.0000000000000001     0.0000000000000000       -0.0186011776226319     0.0000000000000000
    4    2
    -0.0189322632862352     0.0000000000000000       -0.0000000000000000     0.0000000000000000       -0.0000000000000000     0.0000000000000000
    -0.0000000000000000     0.0000000000000000        0.0484269181475182     0.0000000000000000        0.0000000000000000     0.0000000000000000
    -0.0000000000000000     0.0000000000000000        0.0000000000000000     0.0000000000000000       -0.0189322632862353     0.0000000000000000
    4    3
    -0.0870560333761328     0.0000000000000000       -0.0000000000000000     0.0000000000000000       -0.0000000000000000     0.0000000000000000
    -0.0000000000000000     0.0000000000000000       -0.0870560333761330     0.0000000000000000       -0.0000000000000002     0.0000000000000000
    -0.0000000000000000     0.0000000000000000       -0.0000000000000002     0.0000000000000000        0.0128039538402843     0.0000000000000000
    4    4
     0.1117855204447156     0.0000000000000000        0.0000000000000000     0.0000000000000000        0.0000000000000000     0.0000000000000000
     0.0000000000000000     0.0000000000000000        0.1488300564345480     0.0000000000000000        0.0000000000000008     0.0000000000000000
     0.0000000000000000     0.0000000000000000        0.0000000000000008     0.0000000000000000        0.1117855204447162     0.0000000000000000
    4    5
     0.0128039538402843     0.0000000000000000        0.0000000000000000     0.0000000000000000        0.0000000000000000     0.0000000000000000
     0.0000000000000000     0.0000000000000000       -0.0870560333761330     0.0000000000000000       -0.0000000000000005     0.0000000000000000
     0.0000000000000000     0.0000000000000000       -0.0000000000000005     0.0000000000000000       -0.0870560333761332     0.0000000000000000
    5    1
    -0.0186011776226318     0.0000000000000000       -0.0000000000000000     0.0000000000000000       -0.0000000000000000     0.0000000000000000
    -0.0000000000000000     0.0000000000000000       -0.0186011776226319     0.0000000000000000       -0.0000000000000001     0.0000000000000000
    -0.0000000000000000     0.0000000000000000       -0.0000000000000001     0.0000000000000000       -0.0231449078297999     0.0000000000000000
    5    2
    -0.0189322632862352     0.0000000000000000       -0.0000000000000000     0.0000000000000000       -0.0000000000000000     0.0000000000000000
    -0.0000000000000000     0.0000000000000000       -0.0189322632862352     0.0000000000000000        0.0000000000000001     0.0000000000000000
    -0.0000000000000000     0.0000000000000000        0.0000000000000001     0.0000000000000000        0.0484269181475183     0.0000000000000000
    5    3
    -0.0870560333761328     0.0000000000000000       -0.0000000000000000     0.0000000000000000       -0.0000000000000000     0.0000000000000000
    -0.0000000000000000     0.0000000000000000        0.0128039538402843     0.0000000000000000       -0.0000000000000003     0.0000000000000000
    -0.0000000000000000     0.0000000000000000       -0.0000000000000003     0.0000000000000000       -0.0870560333761332     0.0000000000000000
    5    4
     0.0128039538402843     0.0000000000000000        0.0000000000000000     0.0000000000000000        0.0000000000000000     0.0000000000000000
     0.0000000000000000     0.0000000000000000       -0.0870560333761330     0.0000000000000000       -0.0000000000000005     0.0000000000000000
     0.0000000000000000     0.0000000000000000       -0.0000000000000005     0.0000000000000000       -0.0870560333761332     0.0000000000000000
    5    5
     0.1117855204447156     0.0000000000000000        0.0000000000000000     0.0000000000000000        0.0000000000000000     0.0000000000000000
     0.0000000000000000     0.0000000000000000        0.1117855204447159     0.0000000000000000        0.0000000000000008     0.0000000000000000
     0.0000000000000000     0.0000000000000000        0.0000000000000008     0.0000000000000000        0.1488300564345484     0.0000000000000000

     Diagonalizing the dynamical matrix

     q = (     0.000000000000     0.000000000000     0.000000000000 )

***************************************************************************
   freq (    1) =     0.00000017 [THz] =     0.00000577 [cm-1]
(   0.446281  0.000000  -0.020495  0.000000  -0.020318  0.000000 )
(   0.446281  0.000000  -0.020495  0.000000  -0.020318  0.000000 )
(   0.446281  0.000000  -0.020495  0.000000  -0.020318  0.000000 )
(   0.446281  0.000000  -0.020495  0.000000  -0.020318  0.000000 )
(   0.446281  0.000000  -0.020495  0.000000  -0.020318  0.000000 )
   freq (    2) =     0.00000020 [THz] =     0.00000664 [cm-1]
(  -0.028542  0.000000  -0.360006  0.000000  -0.263782  0.000000 )
(  -0.028542  0.000000  -0.360006  0.000000  -0.263782  0.000000 )
(  -0.028542  0.000000  -0.360006  0.000000  -0.263782  0.000000 )
(  -0.028542  0.000000  -0.360006  0.000000  -0.263782  0.000000 )
(  -0.028542  0.000000  -0.360006  0.000000  -0.263782  0.000000 )
   freq (    3) =     0.00000032 [THz] =     0.00001054 [cm-1]
(  -0.004268  0.000000   0.264529  0.000000  -0.360564  0.000000 )
(  -0.004268  0.000000   0.264529  0.000000  -0.360564  0.000000 )
(  -0.004268  0.000000   0.264529  0.000000  -0.360564  0.000000 )
(  -0.004268  0.000000   0.264529  0.000000  -0.360564  0.000000 )
(  -0.004268  0.000000   0.264529  0.000000  -0.360564  0.000000 )
   freq (    4) =     2.20463270 [THz] =    73.53862074 [cm-1]
(  -0.000014  0.000000   0.003414  0.000000  -0.008395  0.000000 )
(  -0.000705  0.000000   0.177338  0.000000  -0.436089  0.000000 )
(   0.000992  0.000000  -0.155124  0.000000   0.381461  0.000000 )
(   0.000616  0.000000  -0.249631  0.000000   0.381461  0.000000 )
(   0.000616  0.000000  -0.155124  0.000000   0.613861  0.000000 )
   freq (    5) =     2.20463270 [THz] =    73.53862074 [cm-1]
(  -0.000394  0.000000   0.008387  0.000000   0.003411  0.000000 )
(  -0.020453  0.000000   0.435666  0.000000   0.177199  0.000000 )
(   0.028790  0.000000  -0.381091  0.000000  -0.155002  0.000000 )
(   0.017891  0.000000  -0.613266  0.000000  -0.155002  0.000000 )
(   0.017891  0.000000  -0.381091  0.000000  -0.249435  0.000000 )
   freq (    6) =     2.20463270 [THz] =    73.53862074 [cm-1]
(  -0.009054  0.000000  -0.000370  0.000000  -0.000136  0.000000 )
(  -0.470324  0.000000  -0.019211  0.000000  -0.007052  0.000000 )
(   0.662052  0.000000   0.016805  0.000000   0.006169  0.000000 )
(   0.411407  0.000000   0.027043  0.000000   0.006169  0.000000 )
(   0.411407  0.000000   0.016805  0.000000   0.009927  0.000000 )
   freq (    7) =     5.16600615 [THz] =   172.31939217 [cm-1]
(   0.002109  0.000000   0.267311  0.000000  -0.202780  0.000000 )
(  -0.003149  0.000000  -0.399102  0.000000   0.302755  0.000000 )
(  -0.002774  0.000000  -0.374431  0.000000   0.284040  0.000000 )
(  -0.002955  0.000000  -0.351534  0.000000   0.284040  0.000000 )
(  -0.002955  0.000000  -0.374431  0.000000   0.266670  0.000000 )
   freq (    8) =     5.16600615 [THz] =   172.31939217 [cm-1]
(   0.335516  0.000000  -0.002816  0.000000  -0.000222  0.000000 )
(  -0.500934  0.000000   0.004205  0.000000   0.000332  0.000000 )
(  -0.441229  0.000000   0.003945  0.000000   0.000312  0.000000 )
(  -0.469968  0.000000   0.003704  0.000000   0.000312  0.000000 )
(  -0.469968  0.000000   0.003945  0.000000   0.000293  0.000000 )
   freq (    9) =     5.16600615 [THz] =   172.31939217 [cm-1]
(   0.001879  0.000000   0.202771  0.000000   0.267319  0.000000 )
(  -0.002806  0.000000  -0.302742  0.000000  -0.399114  0.000000 )
(  -0.002471  0.000000  -0.284028  0.000000  -0.374442  0.000000 )
(  -0.002632  0.000000  -0.266659  0.000000  -0.374442  0.000000 )
(  -0.002632  0.000000  -0.284028  0.000000  -0.351545  0.000000 )
   freq (   10) =     8.57118673 [THz] =   285.90397364 [cm-1]
(   0.000000  0.000000   0.000000  0.000000  -0.000000  0.000000 )
(  -0.000000  0.000000  -0.000000  0.000000   0.000000  0.000000 )
(   0.000000  0.000000   0.592122  0.000000  -0.348769  0.000000 )
(  -0.166590  0.000000  -0.000000  0.000000   0.348769  0.000000 )
(   0.166590  0.000000  -0.592122  0.000000   0.000000  0.000000 )
   freq (   11) =     8.57118673 [THz] =   285.90397364 [cm-1]
(  -0.000000  0.000000  -0.000000  0.000000  -0.000000  0.000000 )
(  -0.000000  0.000000   0.000000  0.000000   0.000000  0.000000 )
(   0.000000  0.000000   0.145930  0.000000  -0.080483  0.000000 )
(   0.687188  0.000000  -0.000000  0.000000   0.080483  0.000000 )
(  -0.687188  0.000000  -0.145930  0.000000   0.000000  0.000000 )
   freq (   12) =     8.57118673 [THz] =   285.90397364 [cm-1]
(  -0.000000  0.000000   0.000000  0.000000  -0.000000  0.000000 )
(   0.000000  0.000000  -0.000000  0.000000  -0.000000  0.000000 )
(   0.000000  0.000000  -0.357906  0.000000  -0.609822  0.000000 )
(   0.004582  0.000000  -0.000000  0.000000   0.609822  0.000000 )
(  -0.004582  0.000000   0.357906  0.000000  -0.000000  0.000000 )
   freq (   13) =    14.00807293 [THz] =   467.25895032 [cm-1]
(   0.002098  0.000000   0.000077  0.000000   0.000058  0.000000 )
(  -0.073258  0.000000  -0.002695  0.000000  -0.002027  0.000000 )
(  -0.740831  0.000000   0.017324  0.000000   0.013035  0.000000 )
(   0.471001  0.000000  -0.027249  0.000000   0.013035  0.000000 )
(   0.471001  0.000000   0.017324  0.000000  -0.020502  0.000000 )
   freq (   14) =    14.00807293 [THz] =   467.25895032 [cm-1]
(  -0.000096  0.000000   0.001786  0.000000   0.001101  0.000000 )
(   0.003358  0.000000  -0.062367  0.000000  -0.038434  0.000000 )
(   0.033954  0.000000   0.400980  0.000000   0.247106  0.000000 )
(  -0.021587  0.000000  -0.630695  0.000000   0.247106  0.000000 )
(  -0.021587  0.000000   0.400980  0.000000  -0.388669  0.000000 )
   freq (   15) =    14.00807293 [THz] =   467.25895032 [cm-1]
(  -0.000009  0.000000  -0.001102  0.000000   0.001788  0.000000 )
(   0.000312  0.000000   0.038486  0.000000  -0.062424  0.000000 )
(   0.003155  0.000000  -0.247441  0.000000   0.401349  0.000000 )
(  -0.002006  0.000000   0.389197  0.000000   0.401349  0.000000 )
(  -0.002006  0.000000  -0.247441  0.000000  -0.631276  0.000000 )
***************************************************************************
