Dynamical matrix file
File generated with the CellConstructor by Lorenzo Monacelli
3 5 0     1.8897259890000000     0.0000000000000000     0.0000000000000000     0.0000000000000000     0.0000000000000000     0.0000000000000000
Basis vectors
    4.0162168494695329     0.0000000000000000     0.0000000000000001
   -0.0000000000000002     4.0162168494695285    -0.0000000000000146
   -0.0000000000000005    -0.0000000000000098     4.0162168494695232
	1  'Ba '  125165.9077335107867839
	2  'Ti '  43628.1030349454958923
	3  'O '  14582.1969301625977096
    1     1     0.0000000000000002    -0.0000000000000001     0.0000000000000000
    2     2     2.0081084247347665     2.0081084247347594     2.0081084247347545
    3     3     0.0000000000000002     2.0081084247347594     2.0081084247347545
    4     3     2.0081084247347665    -0.0000000000000058     2.0081084247347611
    5     3     2.0081084247347669     2.0081084247347643    -0.0000000000000075

     Dynamical Matrix in cartesian axes

     q = (     0.124495269738    -0.124495269738     0.124495269738 )

    1    1
     0.1743592802033828     0.0000000000000000        0.0000000000000000     0.0000000000000000        0.0000000000000000     0.0000000000000000
     0.0000000000000000     0.0000000000000000        0.1743592802033832     0.0000000000000000        0.0000000000000011     0.0000000000000000
     0.0000000000000000     0.0000000000000000        0.0000000000000011     0.0000000000000000        0.1743592802033836     0.0000000000000000
    1    2
     0.0000000000000000    -0.0000000000000000        0.0000000000000000     0.0000000000000000       -0.0000000000000000    -0.0000000000000000
     0.0000000000000000     0.0000000000000000        0.0000000000000000    -0.0000000000000000        0.0000000000000000     0.0000000000000000
    -0.0000000000000000    -0.0000000000000000        0.0000000000000000     0.0000000000000000        0.0000000000000000    -0.0000000000000000
    1    3
    -0.0000000000000000    -0.0000000000000000        0.0000000000000000     0.0000000000000000        0.0000000000000000     0.0000000000000000
     0.0000000000000000     0.0000000000000000       -0.0000000000000000    -0.0000000000000000       -0.0046757880395129    -0.0000000000000000
     0.0000000000000000     0.0000000000000000       -0.0046757880395129    -0.0000000000000000       -0.0000000000000000    -0.0000000000000000
    1    4
     0.0000000000000000    -0.0000000000000000       -0.0000000000000000     0.0000000000000000       -0.0046757880395129     0.0000000004087704
    -0.0000000000000000     0.0000000000000000       -0.0000000000000000     0.0000000000000000       -0.0000000000000000     0.0000000000000000
    -0.0046757880395129     0.0000000004087704       -0.0000000000000000     0.0000000000000000       -0.0000000000000000     0.0000000000000000
    1    5
     0.0000000000000000     0.0000000000000000       -0.0046757880395129    -0.0000000000000000       -0.0000000000000000    -0.0000000000000000
    -0.0046757880395129    -0.0000000000000000       -0.0000000000000000    -0.0000000000000000       -0.0000000000000000    -0.0000000000000000
    -0.0000000000000000    -0.0000000000000000       -0.0000000000000000    -0.0000000000000000       -0.0000000000000000    -0.0000000000000000
    2    1
     0.0000000000000000     0.0000000000000000        0.0000000000000000    -0.0000000000000000       -0.0000000000000000     0.0000000000000000
     0.0000000000000000    -0.0000000000000000        0.0000000000000000     0.0000000000000000        0.0000000000000000    -0.0000000000000000
    -0.0000000000000000     0.0000000000000000        0.0000000000000000    -0.0000000000000000        0.0000000000000000     0.0000000000000000
    2    2
     0.5464918265856950     0.0000000000000000        0.0000000000000000     0.0000000000000000        0.0000000000000001     0.0000000000000000
     0.0000000000000000     0.0000000000000000        0.5464918265856961     0.0000000000000000        0.0000000000000033     0.0000000000000000
     0.0000000000000001     0.0000000000000000        0.0000000000000033     0.0000000000000000        0.5464918265856974     0.0000000000000000
    2    3
     0.0000000000000000    -0.0000000000000000       -0.0000000000000000    -0.0000000000000000       -0.0000000000000000    -0.0000000000000000
    -0.0000000000000000     0.0000000000000000        0.0000000000000000    -0.0000000000000000        0.0000000000000000    -0.0000000000000000
    -0.0000000000000000    -0.0000000000000000       -0.0000000000000000    -0.0000000000000000        0.0000000000000000    -0.0000000000000000
    2    4
     0.0000000000000000     0.0000000000000000       -0.0000000000000000    -0.0000000000000000       -0.0000000000000000     0.0000000000000000
    -0.0000000000000000     0.0000000000000000        0.0000000000000000     0.0000000000000000        0.0000000000000000     0.0000000000000000
     0.0000000000000000     0.0000000000000000       -0.0000000000000000     0.0000000000000000        0.0000000000000000     0.0000000000000000
    2    5
     0.0000000000000000    -0.0000000000000000       -0.0000000000000000    -0.0000000000000000        0.0000000000000000    -0.0000000000000000
     0.0000000000000000    -0.0000000000000000        0.0000000000000000    -0.0000000000000000        0.0000000000000000    -0.0000000000000000
    -0.0000000000000000    -0.0000000000000000        0.0000000000000000    -0.0000000000000000        0.0000000000000000    -0.0000000000000000
    3    1
    -0.0000000000000000     0.0000000000000000        0.0000000000000000    -0.0000000000000000        0.0000000000000000    -0.0000000000000000
     0.0000000000000000    -0.0000000000000000       -0.0000000000000000     0.0000000000000000       -0.0046757880395129     0.0000000000000000
     0.0000000000000000    -0.0000000000000000       -0.0046757880395129     0.0000000000000000       -0.0000000000000000     0.0000000000000000
    3    2
     0.0000000000000000     0.0000000000000000        0.0000000000000000    -0.0000000000000000        0.0000000000000000     0.0000000000000000
     0.0000000000000000     0.0000000000000000        0.0000000000000000     0.0000000000000000       -0.0000000000000000     0.0000000000000000
    -0.0000000000000000     0.0000000000000000        0.0000000000000000     0.0000000000000000        0.0000000000000000     0.0000000000000000
    3    3
     0.3306727768042265     0.0000000000000000        0.0000000000000000     0.0000000000000000        0.0000000000000000     0.0000000000000000
     0.0000000000000000     0.0000000000000000        0.1275796491361476     0.0000000000000000        0.0000000000000008     0.0000000000000000
     0.0000000000000000     0.0000000000000000        0.0000000000000008     0.0000000000000000        0.1275796491361479     0.0000000000000000
    3    4
    -0.0000000000000000     0.0000000000000000        0.1628728912267688    -0.0000000142388009        0.0000000000000004    -0.0000000000000000
     0.0877844847631642    -0.0000000076743637        0.0000000000000000    -0.0000000000000000        0.0000000000000000    -0.0000000000000000
     0.0000000000000002    -0.0000000000000000        0.0000000000000000    -0.0000000000000000        0.0000000000000000    -0.0000000000000000
    3    5
    -0.0000000000000000     0.0000000000000000        0.0000000000000006    -0.0000000000000000        0.1628728912267697    -0.0000000000000000
     0.0000000000000003    -0.0000000000000000        0.0000000000000000    -0.0000000000000000        0.0000000000000000    -0.0000000000000000
     0.0877844847631646    -0.0000000000000000        0.0000000000000000    -0.0000000000000000        0.0000000000000000    -0.0000000000000000
    4    1
     0.0000000000000000     0.0000000000000000       -0.0000000000000000    -0.0000000000000000       -0.0046757880395129    -0.0000000004087704
    -0.0000000000000000    -0.0000000000000000       -0.0000000000000000    -0.0000000000000000       -0.0000000000000000    -0.0000000000000000
    -0.0046757880395129    -0.0000000004087704       -0.0000000000000000    -0.0000000000000000       -0.0000000000000000    -0.0000000000000000
    4    2
     0.0000000000000000    -0.0000000000000000        0.0000000000000000    -0.0000000000000000       -0.0000000000000000    -0.0000000000000000
     0.0000000000000000     0.0000000000000000        0.0000000000000000    -0.0000000000000000        0.0000000000000000    -0.0000000000000000
     0.0000000000000000    -0.0000000000000000        0.0000000000000000    -0.0000000000000000        0.0000000000000000    -0.0000000000000000
    4    3
    -0.0000000000000000    -0.0000000000000000        0.0877844847631642     0.0000000076743637        0.0000000000000002     0.0000000000000000
     0.1628728912267688     0.0000000142388009        0.0000000000000000     0.0000000000000000        0.0000000000000000     0.0000000000000000
     0.0000000000000004     0.0000000000000000        0.0000000000000000     0.0000000000000000        0.0000000000000000     0.0000000000000000
    4    4
     0.1275796491361474     0.0000000000000000        0.0000000000000000     0.0000000000000000        0.0000000000000000     0.0000000000000000
     0.0000000000000000     0.0000000000000000        0.3306727768042272     0.0000000000000000        0.0000000000000013     0.0000000000000000
     0.0000000000000000     0.0000000000000000        0.0000000000000013     0.0000000000000000        0.1275796491361479     0.0000000000000000
    4    5
     0.0000000000000000     0.0000000000000000       -0.0000000000000000    -0.0000000000000000       -0.0000000000000000    -0.0000000000000000
    -0.0000000000000000    -0.0000000000000000        0.0000000000000009     0.0000000000000000        0.1628728912267692     0.0000000142388009
    -0.0000000000000000    -0.0000000000000000        0.0877844847631644     0.0000000076743637        0.0000000000000006     0.0000000000000000
    5    1
     0.0000000000000000    -0.0000000000000000       -0.0046757880395129     0.0000000000000000       -0.0000000000000000     0.0000000000000000
    -0.0046757880395129     0.0000000000000000       -0.0000000000000000     0.0000000000000000       -0.0000000000000000     0.0000000000000000
    -0.0000000000000000     0.0000000000000000       -0.0000000000000000     0.0000000000000000       -0.0000000000000000     0.0000000000000000
    5    2
     0.0000000000000000     0.0000000000000000       -0.0000000000000000     0.0000000000000000        0.0000000000000000     0.0000000000000000
    -0.0000000000000000     0.0000000000000000        0.0000000000000000     0.0000000000000000        0.0000000000000000     0.0000000000000000
    -0.0000000000000000     0.0000000000000000       -0.0000000000000000     0.0000000000000000        0.0000000000000000     0.0000000000000000
    5    3
    -0.0000000000000000    -0.0000000000000000        0.0000000000000003     0.0000000000000000        0.0877844847631646     0.0000000000000000
     0.0000000000000006     0.0000000000000000        0.0000000000000000     0.0000000000000000        0.0000000000000000     0.0000000000000000
     0.1628728912267697     0.0000000000000000        0.0000000000000000     0.0000000000000000        0.0000000000000000     0.0000000000000000
    5    4
     0.0000000000000000    -0.0000000000000000       -0.0000000000000000     0.0000000000000000       -0.0000000000000000     0.0000000000000000
    -0.0000000000000000     0.0000000000000000        0.0000000000000009    -0.0000000000000000        0.0877844847631644    -0.0000000076743637
    -0.0000000000000000     0.0000000000000000        0.1628728912267692    -0.0000000142388009        0.0000000000000006    -0.0000000000000000
    5    5
     0.1275796491361474     0.0000000000000000        0.0000000000000000     0.0000000000000000        0.0000000000000000     0.0000000000000000
     0.0000000000000000     0.0000000000000000        0.1275796491361476     0.0000000000000000        0.0000000000000015     0.0000000000000000
     0.0000000000000000     0.0000000000000000        0.0000000000000015     0.0000000000000000        0.3306727768042280     0.0000000000000000

     Diagonalizing the dynamical matrix

     q = (     0.124495269738    -0.124495269738     0.124495269738 )

***************************************************************************
   freq (    1) =     3.88039064 [THz] =   129.43588078 [cm-1]
(   0.999298  0.000000  -0.015311  0.000056  -0.004710 -0.000025 )
(  -0.000000 -0.000000  -0.000000  0.000000  -0.000000 -0.000000 )
(   0.000000 -0.000000  -0.000113 -0.000001  -0.000367  0.000001 )
(  -0.000113 -0.000001  -0.000000 -0.000000   0.023952  0.000000 )
(  -0.000367  0.000001   0.023952 -0.000000  -0.000000  0.000000 )
   freq (    2) =     3.88039064 [THz] =   129.43588078 [cm-1]
(   0.013103  0.000000   0.950265 -0.004622  -0.309275  0.002031 )
(   0.000000  0.000000   0.000000 -0.000000   0.000000  0.000000 )
(  -0.000000  0.000000  -0.007413  0.000049   0.022777 -0.000111 )
(  -0.007413  0.000049   0.000000  0.000000   0.000314  0.000000 )
(   0.022777 -0.000111   0.000314 -0.000000  -0.000000 -0.000000 )
   freq (    3) =     3.88039064 [THz] =   129.43588078 [cm-1]
(  -0.009216  0.000000  -0.309180 -0.000462  -0.950355  0.000203 )
(  -0.000000  0.000000   0.000000 -0.000000  -0.000000  0.000000 )
(   0.000000 -0.000000  -0.022779  0.000005  -0.007411 -0.000011 )
(  -0.022779  0.000005   0.000000  0.000000  -0.000221 -0.000000 )
(  -0.007411 -0.000011  -0.000221 -0.000000  -0.000000 -0.000000 )
   freq (    4) =     5.43474218 [THz] =   181.28345987 [cm-1]
(   0.000000  0.000000  -0.000000 -0.000000   0.000000  0.000000 )
(  -0.000000 -0.000000   0.000000  0.000000   0.000000  0.000000 )
(  -0.000000 -0.000000  -0.560039 -0.245944   0.321250  0.149695 )
(   0.560039  0.245944   0.000000  0.000000  -0.015740 -0.003180 )
(  -0.321250 -0.149695   0.015740  0.003180  -0.000000 -0.000000 )
   freq (    5) =     5.43474218 [THz] =   181.28345987 [cm-1]
(  -0.000000  0.000000   0.000000  0.000000  -0.000000  0.000000 )
(   0.000000  0.000000   0.000000 -0.000000   0.000000  0.000000 )
(  -0.000000 -0.000000   0.353807  0.024690   0.609023  0.056335 )
(  -0.353807 -0.024690  -0.000000 -0.000000  -0.009811  0.005627 )
(  -0.609023 -0.056335   0.009811 -0.005627   0.000000  0.000000 )
   freq (    6) =     5.43474218 [THz] =   181.28345987 [cm-1]
(   0.000000  0.000000  -0.000000  0.000000  -0.000000 -0.000000 )
(   0.000000  0.000000   0.000000 -0.000000  -0.000000  0.000000 )
(   0.000000  0.000000  -0.008292  0.003137   0.017431  0.001829 )
(   0.008292 -0.003137  -0.000000  0.000000   0.666656 -0.234914 )
(  -0.017431 -0.001829  -0.666656  0.234914   0.000000 -0.000000 )
   freq (    7) =    11.15988258 [THz] =   372.25356021 [cm-1]
(  -0.000000  0.000000  -0.000000  0.000000  -0.000000 -0.000000 )
(   0.000000  0.000000   0.000000  0.000000  -0.000000 -0.000000 )
(   0.721926 -0.000000   0.000000 -0.000000   0.000000 -0.000000 )
(  -0.000000  0.000000  -0.689181 -0.037291   0.000000 -0.000000 )
(  -0.000000  0.000000   0.000000  0.000000  -0.032745  0.037291 )
   freq (    8) =    11.15988258 [THz] =   372.25356021 [cm-1]
(   0.000000  0.000000  -0.000000  0.000000   0.000000  0.000000 )
(   0.000000  0.000000   0.000000  0.000000  -0.000000 -0.000000 )
(  -0.381432 -0.000000  -0.000000 -0.000000  -0.000000 -0.000000 )
(   0.000000  0.000000  -0.430493 -0.070580  -0.000000 -0.000000 )
(   0.000000  0.000000  -0.000000  0.000000   0.811925  0.070580 )
   freq (    9) =    11.64351065 [THz] =   388.38565399 [cm-1]
(   0.000000  0.000000   0.000000 -0.000000  -0.000000  0.000000 )
(   0.096005 -0.003956   0.757824  0.002051  -0.645341  0.001225 )
(  -0.000000  0.000000   0.000000 -0.000000   0.000000  0.000000 )
(  -0.000000  0.000000   0.000000  0.000000  -0.000000  0.000000 )
(   0.000000  0.000000   0.000000 -0.000000  -0.000000 -0.000000 )
   freq (   10) =    11.64351065 [THz] =   388.38565399 [cm-1]
(  -0.000000  0.000000   0.000000 -0.000000  -0.000000  0.000000 )
(  -0.994859 -0.000102   0.093880  0.003748  -0.037749 -0.001938 )
(   0.000000  0.000000   0.000000 -0.000000  -0.000000  0.000000 )
(  -0.000000 -0.000000  -0.000000 -0.000000   0.000000 -0.000000 )
(  -0.000000  0.000000  -0.000000  0.000000   0.000000  0.000000 )
   freq (   11) =    11.64351065 [THz] =   388.38565399 [cm-1]
(   0.000000  0.000000  -0.000000  0.000000   0.000000 -0.000000 )
(   0.031977 -0.001053   0.645638 -0.004846   0.762903 -0.009151 )
(  -0.000000  0.000000   0.000000  0.000000  -0.000000 -0.000000 )
(  -0.000000 -0.000000  -0.000000 -0.000000   0.000000  0.000000 )
(   0.000000 -0.000000  -0.000000 -0.000000   0.000000  0.000000 )
   freq (   12) =    12.64377657 [THz] =   421.75092884 [cm-1]
(   0.000021  0.000000   0.002528 -0.000002  -0.003034  0.000001 )
(   0.000000  0.000000   0.000000 -0.000000  -0.000000  0.000000 )
(   0.000000 -0.000000   0.543263 -0.000161  -0.452596  0.000423 )
(   0.543263 -0.000161  -0.000000 -0.000000  -0.003767 -0.000000 )
(  -0.452596  0.000423  -0.003767  0.000000   0.000000  0.000000 )
   freq (   13) =    12.64377657 [THz] =   421.75092884 [cm-1]
(   0.003943  0.000000  -0.000178  0.000000  -0.000121 -0.000000 )
(  -0.000000 -0.000000  -0.000000  0.000000   0.000000 -0.000000 )
(   0.000000 -0.000000   0.021724  0.000006   0.031953 -0.000015 )
(   0.021724  0.000006  -0.000000 -0.000000  -0.706045 -0.000000 )
(   0.031953 -0.000015  -0.706045 -0.000000  -0.000000  0.000000 )
   freq (   14) =    12.64377657 [THz] =   421.75092884 [cm-1]
(  -0.000215  0.000000  -0.003029  0.000001  -0.002525 -0.000001 )
(  -0.000000 -0.000000  -0.000000  0.000000   0.000000 -0.000000 )
(  -0.000000 -0.000000   0.452090  0.000091   0.542336 -0.000238 )
(   0.452090  0.000091   0.000000 -0.000000   0.038454  0.000000 )
(   0.542336 -0.000238   0.038454 -0.000000   0.000000  0.000000 )
   freq (   15) =    22.07263698 [THz] =   736.26381298 [cm-1]
(  -0.000000  0.000000  -0.000000 -0.000000  -0.000000 -0.000000 )
(   0.000000 -0.000000   0.000000  0.000000   0.000000 -0.000000 )
(   0.577350 -0.000000   0.000000 -0.000000   0.000000  0.000000 )
(  -0.000000  0.000000   0.577350  0.000000   0.000000  0.000000 )
(   0.000000 -0.000000   0.000000 -0.000000   0.577350 -0.000000 )
***************************************************************************
