Dynamical matrix file
File generated with the CellConstructor by Lorenzo Monacelli
3 5 0     1.8897259890000000     0.0000000000000000     0.0000000000000000     0.0000000000000000     0.0000000000000000     0.0000000000000000
Basis vectors
    4.0162168494695329     0.0000000000000000     0.0000000000000001
   -0.0000000000000002     4.0162168494695285    -0.0000000000000146
   -0.0000000000000005    -0.0000000000000098     4.0162168494695232
	1  'Ba '  125165.9077335107867839
	2  'Ti '  43628.1030349454958923
	3  'O '  14582.1969301625977096
    1     1     0.0000000000000005    -0.0000000000000001     0.0000000000000001
    2     2     2.0081084247347665     2.0081084247347594     2.0081084247347545
    3     3     0.0000000000000003     2.0081084247347594     2.0081084247347545
    4     3     2.0081084247347665    -0.0000000000000055     2.0081084247347607
    5     3     2.0081084247347669     2.0081084247347638    -0.0000000000000073

     Dynamical Matrix in cartesian axes

     q = (    -0.124495269738    -0.000000000000    -0.124495269738 )

    1    1
     0.2064671083383287     0.0000000000000000        0.0000000000000000     0.0000000000000000        0.0000000000000000     0.0000000000000000
     0.0000000000000000     0.0000000000000000        0.1174304188917398     0.0000000000000000        0.0000000000000010     0.0000000000000000
     0.0000000000000000     0.0000000000000000        0.0000000000000010     0.0000000000000000        0.2064671083383297     0.0000000000000000
    1    2
     0.0000000000000000     0.0000000000000000       -0.0000000000000007    -0.0000000000000000       -0.1962446946331750    -0.0000000171562567
    -0.0000000000000007    -0.0000000000000000       -0.0000000000000000    -0.0000000000000000       -0.0000000000000000    -0.0000000000000000
    -0.1962446946331750    -0.0000000171562567       -0.0000000000000000    -0.0000000000000000       -0.0000000000000000    -0.0000000000000000
    1    3
     0.0000000000000000    -0.0000000000000000       -0.0000000000000000    -0.0000000000000000        0.0000000000000000    -0.0000000000000000
     0.0000000000000000     0.0000000000000000        0.0000000000000000    -0.0000000000000000        0.0000000000000000    -0.0000000000000000
     0.0000000000000000    -0.0000000000000000        0.0000000000000000    -0.0000000000000000        0.0000000000000000    -0.0000000000000000
    1    4
    -0.0000000000000000    -0.0000000000000000        0.0000000000000000     0.0000000000000000        0.0104649629812947     0.0000000009148761
     0.0000000000000000     0.0000000000000000        0.0000000000000000     0.0000000000000000        0.0000000000000000     0.0000000000000000
     0.0104649629812947     0.0000000009148761        0.0000000000000000     0.0000000000000000        0.0000000000000000     0.0000000000000000
    1    5
     0.0000000000000000    -0.0000000000000000        0.0000000000000000    -0.0000000000000000        0.0000000000000000    -0.0000000000000000
    -0.0000000000000000    -0.0000000000000000        0.0000000000000000    -0.0000000000000000        0.0000000000000000    -0.0000000000000000
     0.0000000000000000    -0.0000000000000000        0.0000000000000000    -0.0000000000000000        0.0000000000000000    -0.0000000000000000
    2    1
     0.0000000000000000    -0.0000000000000000       -0.0000000000000007     0.0000000000000000       -0.1962446946331750     0.0000000171562567
    -0.0000000000000007     0.0000000000000000       -0.0000000000000000     0.0000000000000000       -0.0000000000000000     0.0000000000000000
    -0.1962446946331750     0.0000000171562567       -0.0000000000000000     0.0000000000000000       -0.0000000000000000     0.0000000000000000
    2    2
     0.5571726888007165     0.0000000000000000        0.0000000000000000     0.0000000000000000        0.0000000000000001     0.0000000000000000
     0.0000000000000000     0.0000000000000000        0.0557654957354107     0.0000000000000000        0.0000000000000022     0.0000000000000000
     0.0000000000000001     0.0000000000000000        0.0000000000000022     0.0000000000000000        0.5571726888007191     0.0000000000000000
    2    3
    -0.0000000000000000    -0.0000000000000000       -0.0000000000000000    -0.0000000000000000       -0.0000000000000000    -0.0000000000000000
     0.0000000000000000    -0.0000000000000000        0.0000000000000000     0.0000000000000000       -0.0000000000000000     0.0000000000000000
    -0.0000000000000000    -0.0000000000000000       -0.0000000000000000    -0.0000000000000000       -0.0000000000000000    -0.0000000000000000
    2    4
    -0.1030208499987888     0.0000000000000001       -0.0000000000000000     0.0000000000000000       -0.0000000000000000     0.0000000000000000
    -0.0000000000000000     0.0000000000000000        0.0576076191361783    -0.0000000000000001       -0.0000000000000002     0.0000000000000000
    -0.0000000000000000     0.0000000000000000       -0.0000000000000002     0.0000000000000000       -0.1030208499987892     0.0000000000000001
    2    5
    -0.0000000000000000    -0.0000000000000000       -0.0000000000000000     0.0000000000000000        0.0000000000000000    -0.0000000000000000
     0.0000000000000000     0.0000000000000000        0.0000000000000000     0.0000000000000000       -0.0000000000000000    -0.0000000000000000
     0.0000000000000000    -0.0000000000000000        0.0000000000000000    -0.0000000000000000       -0.0000000000000000    -0.0000000000000000
    3    1
     0.0000000000000000     0.0000000000000000        0.0000000000000000    -0.0000000000000000        0.0000000000000000     0.0000000000000000
     0.0000000000000000     0.0000000000000000        0.0000000000000000     0.0000000000000000        0.0000000000000000     0.0000000000000000
     0.0000000000000000     0.0000000000000000        0.0000000000000000     0.0000000000000000        0.0000000000000000     0.0000000000000000
    3    2
    -0.0000000000000000     0.0000000000000000        0.0000000000000000     0.0000000000000000       -0.0000000000000000     0.0000000000000000
    -0.0000000000000000     0.0000000000000000        0.0000000000000000    -0.0000000000000000        0.0000000000000000     0.0000000000000000
    -0.0000000000000000     0.0000000000000000        0.0000000000000000    -0.0000000000000000       -0.0000000000000000     0.0000000000000000
    3    3
     0.3980927069188065     0.0000000000000000        0.0000000000000000     0.0000000000000000        0.0000000000000000     0.0000000000000000
     0.0000000000000000     0.0000000000000000        0.1452046277132654     0.0000000000000000        0.0000000000000009     0.0000000000000000
     0.0000000000000000     0.0000000000000000        0.0000000000000009     0.0000000000000000        0.1514459544553327     0.0000000000000000
    3    4
     0.0000000000000000    -0.0000000000000000        0.0000000000000000    -0.0000000000000000        0.0000000000000000     0.0000000000000000
    -0.0000000000000000    -0.0000000000000000        0.0000000000000000    -0.0000000000000000        0.0000000000000000    -0.0000000000000000
     0.0000000000000000    -0.0000000000000000        0.0000000000000000    -0.0000000000000000        0.0000000000000000     0.0000000000000000
    3    5
    -0.0000000000000000    -0.0000000000000000        0.0000000000000008     0.0000000000000000        0.2073170192854809     0.0000000000000000
     0.0000000000000004     0.0000000000000000        0.0000000000000000     0.0000000000000000        0.0000000000000000     0.0000000000000000
     0.1030823094688927     0.0000000000000000        0.0000000000000000     0.0000000000000000        0.0000000000000000     0.0000000000000000
    4    1
    -0.0000000000000000     0.0000000000000000        0.0000000000000000    -0.0000000000000000        0.0104649629812947    -0.0000000009148761
     0.0000000000000000    -0.0000000000000000        0.0000000000000000    -0.0000000000000000        0.0000000000000000    -0.0000000000000000
     0.0104649629812947    -0.0000000009148761        0.0000000000000000    -0.0000000000000000        0.0000000000000000    -0.0000000000000000
    4    2
    -0.1030208499987888    -0.0000000000000001       -0.0000000000000000    -0.0000000000000000       -0.0000000000000000    -0.0000000000000000
    -0.0000000000000000    -0.0000000000000000        0.0576076191361783     0.0000000000000001       -0.0000000000000002    -0.0000000000000000
    -0.0000000000000000    -0.0000000000000000       -0.0000000000000002    -0.0000000000000000       -0.1030208499987892    -0.0000000000000001
    4    3
     0.0000000000000000     0.0000000000000000       -0.0000000000000000     0.0000000000000000        0.0000000000000000     0.0000000000000000
     0.0000000000000000     0.0000000000000000        0.0000000000000000     0.0000000000000000        0.0000000000000000     0.0000000000000000
     0.0000000000000000    -0.0000000000000000        0.0000000000000000     0.0000000000000000        0.0000000000000000    -0.0000000000000000
    4    4
     0.1331180118748798     0.0000000000000000        0.0000000000000000     0.0000000000000000        0.0000000000000000     0.0000000000000000
     0.0000000000000000     0.0000000000000000        0.1528384607537829     0.0000000000000000        0.0000000000000009     0.0000000000000000
     0.0000000000000000     0.0000000000000000        0.0000000000000009     0.0000000000000000        0.1331180118748804     0.0000000000000000
    4    5
     0.0000000000000000    -0.0000000000000000       -0.0000000000000000    -0.0000000000000000       -0.0000000000000000    -0.0000000000000000
    -0.0000000000000000    -0.0000000000000000        0.0000000000000000     0.0000000000000000        0.0000000000000000     0.0000000000000000
    -0.0000000000000000    -0.0000000000000000        0.0000000000000000     0.0000000000000000        0.0000000000000000     0.0000000000000000
    5    1
     0.0000000000000000     0.0000000000000000       -0.0000000000000000     0.0000000000000000        0.0000000000000000     0.0000000000000000
     0.0000000000000000     0.0000000000000000        0.0000000000000000     0.0000000000000000        0.0000000000000000     0.0000000000000000
     0.0000000000000000     0.0000000000000000        0.0000000000000000     0.0000000000000000        0.0000000000000000     0.0000000000000000
    5    2
    -0.0000000000000000     0.0000000000000000        0.0000000000000000    -0.0000000000000000        0.0000000000000000     0.0000000000000000
     0.0000000000000000    -0.0000000000000000        0.0000000000000000    -0.0000000000000000       -0.0000000000000000     0.0000000000000000
     0.0000000000000000     0.0000000000000000       -0.0000000000000000     0.0000000000000000       -0.0000000000000000     0.0000000000000000
    5    3
    -0.0000000000000000     0.0000000000000000        0.0000000000000004    -0.0000000000000000        0.1030823094688927    -0.0000000000000000
     0.0000000000000008    -0.0000000000000000        0.0000000000000000    -0.0000000000000000        0.0000000000000000    -0.0000000000000000
     0.2073170192854809    -0.0000000000000000        0.0000000000000000    -0.0000000000000000        0.0000000000000000    -0.0000000000000000
    5    4
     0.0000000000000000     0.0000000000000000        0.0000000000000000     0.0000000000000000       -0.0000000000000000     0.0000000000000000
     0.0000000000000000     0.0000000000000000        0.0000000000000000    -0.0000000000000000        0.0000000000000000    -0.0000000000000000
    -0.0000000000000000     0.0000000000000000        0.0000000000000000    -0.0000000000000000        0.0000000000000000    -0.0000000000000000
    5    5
     0.1514459544553319     0.0000000000000000        0.0000000000000000     0.0000000000000000        0.0000000000000000     0.0000000000000000
     0.0000000000000000     0.0000000000000000        0.1452046277132654     0.0000000000000000        0.0000000000000018     0.0000000000000000
     0.0000000000000000     0.0000000000000000        0.0000000000000018     0.0000000000000000        0.3980927069188084     0.0000000000000000

     Dynamical Matrix in cartesian axes

     q = (    -0.000000000000    -0.124495269738     0.124495269738 )

    1    1
     0.1174304188917396     0.0000000000000000        0.0000000000000000     0.0000000000000000        0.0000000000000000     0.0000000000000000
     0.0000000000000000     0.0000000000000000        0.2064671083383292     0.0000000000000000        0.0000000000000013     0.0000000000000000
     0.0000000000000000     0.0000000000000000        0.0000000000000013     0.0000000000000000        0.2064671083383297     0.0000000000000000
    1    2
    -0.0000000000000000     0.0000000000000000        0.0000000000000000    -0.0000000000000000        0.0000000000000000    -0.0000000000000000
     0.0000000000000000    -0.0000000000000000       -0.0000000000000014     0.0000000000000000       -0.1962446946331757     0.0000000057187522
     0.0000000000000000    -0.0000000000000000       -0.1962446946331757     0.0000000057187522       -0.0000000000000010     0.0000000000000000
    1    3
     0.0000000000000000    -0.0000000000000000       -0.0000000000000000     0.0000000000000000       -0.0000000000000000     0.0000000000000000
    -0.0000000000000000     0.0000000000000000        0.0000000000000001    -0.0000000000000000        0.0104649629812947    -0.0000000003049587
    -0.0000000000000000     0.0000000000000000        0.0104649629812947    -0.0000000003049587        0.0000000000000001    -0.0000000000000000
    1    4
     0.0000000000000000     0.0000000000000000       -0.0000000000000000     0.0000000000000000       -0.0000000000000000     0.0000000000000000
     0.0000000000000000    -0.0000000000000000        0.0000000000000000     0.0000000000000000        0.0000000000000000     0.0000000000000000
     0.0000000000000000     0.0000000000000000        0.0000000000000000     0.0000000000000000        0.0000000000000000     0.0000000000000000
    1    5
     0.0000000000000000    -0.0000000000000000        0.0000000000000000    -0.0000000000000000       -0.0000000000000000     0.0000000000000000
     0.0000000000000000    -0.0000000000000000        0.0000000000000000    -0.0000000000000000        0.0000000000000000    -0.0000000000000000
     0.0000000000000000    -0.0000000000000000        0.0000000000000000    -0.0000000000000000        0.0000000000000000    -0.0000000000000000
    2    1
    -0.0000000000000000    -0.0000000000000000        0.0000000000000000     0.0000000000000000        0.0000000000000000     0.0000000000000000
     0.0000000000000000     0.0000000000000000       -0.0000000000000014    -0.0000000000000000       -0.1962446946331757    -0.0000000057187522
     0.0000000000000000     0.0000000000000000       -0.1962446946331757    -0.0000000057187522       -0.0000000000000010    -0.0000000000000000
    2    2
     0.0557654957354106     0.0000000000000000        0.0000000000000000     0.0000000000000000       -0.0000000000000000     0.0000000000000000
     0.0000000000000000     0.0000000000000000        0.5571726888007178     0.0000000000000000        0.0000000000000034     0.0000000000000000
    -0.0000000000000000     0.0000000000000000        0.0000000000000034     0.0000000000000000        0.5571726888007191     0.0000000000000000
    2    3
     0.0576076191361782    -0.0000000000000000        0.0000000000000000    -0.0000000000000000        0.0000000000000000    -0.0000000000000000
     0.0000000000000000    -0.0000000000000000       -0.1030208499987890     0.0000000000000000       -0.0000000000000006     0.0000000000000000
     0.0000000000000000    -0.0000000000000000       -0.0000000000000006     0.0000000000000000       -0.1030208499987892     0.0000000000000000
    2    4
     0.0000000000000000     0.0000000000000000        0.0000000000000000     0.0000000000000000        0.0000000000000000     0.0000000000000000
     0.0000000000000000     0.0000000000000000       -0.0000000000000000    -0.0000000000000000       -0.0000000000000000    -0.0000000000000000
    -0.0000000000000000     0.0000000000000000       -0.0000000000000000    -0.0000000000000000       -0.0000000000000000    -0.0000000000000000
    2    5
     0.0000000000000000    -0.0000000000000000        0.0000000000000000    -0.0000000000000000        0.0000000000000000     0.0000000000000000
    -0.0000000000000000    -0.0000000000000000       -0.0000000000000000     0.0000000000000000       -0.0000000000000000     0.0000000000000000
     0.0000000000000000    -0.0000000000000000       -0.0000000000000000    -0.0000000000000000       -0.0000000000000000     0.0000000000000000
    3    1
     0.0000000000000000     0.0000000000000000       -0.0000000000000000    -0.0000000000000000       -0.0000000000000000    -0.0000000000000000
    -0.0000000000000000    -0.0000000000000000        0.0000000000000001     0.0000000000000000        0.0104649629812947     0.0000000003049587
    -0.0000000000000000    -0.0000000000000000        0.0104649629812947     0.0000000003049587        0.0000000000000001     0.0000000000000000
    3    2
     0.0576076191361782     0.0000000000000000        0.0000000000000000     0.0000000000000000        0.0000000000000000     0.0000000000000000
     0.0000000000000000     0.0000000000000000       -0.1030208499987890    -0.0000000000000000       -0.0000000000000006    -0.0000000000000000
     0.0000000000000000     0.0000000000000000       -0.0000000000000006    -0.0000000000000000       -0.1030208499987892    -0.0000000000000000
    3    3
     0.1528384607537826     0.0000000000000000        0.0000000000000000     0.0000000000000000        0.0000000000000000     0.0000000000000000
     0.0000000000000000     0.0000000000000000        0.1331180118748801     0.0000000000000000        0.0000000000000008     0.0000000000000000
     0.0000000000000000     0.0000000000000000        0.0000000000000008     0.0000000000000000        0.1331180118748804     0.0000000000000000
    3    4
     0.0000000000000000     0.0000000000000000        0.0000000000000000     0.0000000000000000        0.0000000000000000     0.0000000000000000
     0.0000000000000000     0.0000000000000000        0.0000000000000000    -0.0000000000000000        0.0000000000000000    -0.0000000000000000
    -0.0000000000000000     0.0000000000000000       -0.0000000000000000    -0.0000000000000000        0.0000000000000000    -0.0000000000000000
    3    5
     0.0000000000000000    -0.0000000000000000        0.0000000000000000    -0.0000000000000000       -0.0000000000000000    -0.0000000000000000
     0.0000000000000000    -0.0000000000000000        0.0000000000000000     0.0000000000000000        0.0000000000000000    -0.0000000000000000
    -0.0000000000000000     0.0000000000000000        0.0000000000000000    -0.0000000000000000        0.0000000000000000    -0.0000000000000000
    4    1
     0.0000000000000000    -0.0000000000000000       -0.0000000000000000     0.0000000000000000        0.0000000000000000    -0.0000000000000000
    -0.0000000000000000    -0.0000000000000000        0.0000000000000000    -0.0000000000000000        0.0000000000000000    -0.0000000000000000
    -0.0000000000000000    -0.0000000000000000        0.0000000000000000    -0.0000000000000000        0.0000000000000000    -0.0000000000000000
    4    2
     0.0000000000000000    -0.0000000000000000       -0.0000000000000000    -0.0000000000000000       -0.0000000000000000    -0.0000000000000000
     0.0000000000000000    -0.0000000000000000       -0.0000000000000000     0.0000000000000000       -0.0000000000000000     0.0000000000000000
    -0.0000000000000000    -0.0000000000000000       -0.0000000000000000     0.0000000000000000       -0.0000000000000000     0.0000000000000000
    4    3
     0.0000000000000000    -0.0000000000000000        0.0000000000000000    -0.0000000000000000        0.0000000000000000    -0.0000000000000000
     0.0000000000000000    -0.0000000000000000        0.0000000000000000     0.0000000000000000       -0.0000000000000000     0.0000000000000000
    -0.0000000000000000    -0.0000000000000000        0.0000000000000000     0.0000000000000000        0.0000000000000000     0.0000000000000000
    4    4
     0.1452046277132651     0.0000000000000000        0.0000000000000000     0.0000000000000000        0.0000000000000000     0.0000000000000000
     0.0000000000000000     0.0000000000000000        0.3980927069188074     0.0000000000000000        0.0000000000000015     0.0000000000000000
     0.0000000000000000     0.0000000000000000        0.0000000000000015     0.0000000000000000        0.1514459544553327     0.0000000000000000
    4    5
     0.0000000000000000     0.0000000000000000       -0.0000000000000000    -0.0000000000000000       -0.0000000000000000    -0.0000000000000000
    -0.0000000000000000    -0.0000000000000000        0.0000000000000011     0.0000000000000000        0.2073170192854806     0.0000000120828199
    -0.0000000000000000    -0.0000000000000000        0.1030823094688925     0.0000000060078279        0.0000000000000008     0.0000000000000000
    5    1
     0.0000000000000000     0.0000000000000000        0.0000000000000000     0.0000000000000000        0.0000000000000000     0.0000000000000000
     0.0000000000000000     0.0000000000000000        0.0000000000000000     0.0000000000000000        0.0000000000000000     0.0000000000000000
    -0.0000000000000000    -0.0000000000000000        0.0000000000000000     0.0000000000000000        0.0000000000000000     0.0000000000000000
    5    2
     0.0000000000000000     0.0000000000000000       -0.0000000000000000     0.0000000000000000        0.0000000000000000     0.0000000000000000
    -0.0000000000000000     0.0000000000000000       -0.0000000000000000    -0.0000000000000000       -0.0000000000000000     0.0000000000000000
     0.0000000000000000    -0.0000000000000000       -0.0000000000000000    -0.0000000000000000       -0.0000000000000000    -0.0000000000000000
    5    3
     0.0000000000000000     0.0000000000000000        0.0000000000000000     0.0000000000000000       -0.0000000000000000    -0.0000000000000000
    -0.0000000000000000     0.0000000000000000        0.0000000000000000    -0.0000000000000000        0.0000000000000000     0.0000000000000000
    -0.0000000000000000     0.0000000000000000        0.0000000000000000     0.0000000000000000        0.0000000000000000     0.0000000000000000
    5    4
     0.0000000000000000    -0.0000000000000000       -0.0000000000000000     0.0000000000000000       -0.0000000000000000     0.0000000000000000
    -0.0000000000000000     0.0000000000000000        0.0000000000000011    -0.0000000000000000        0.1030823094688925    -0.0000000060078279
    -0.0000000000000000     0.0000000000000000        0.2073170192854806    -0.0000000120828199        0.0000000000000008    -0.0000000000000000
    5    5
     0.1452046277132651     0.0000000000000000        0.0000000000000000     0.0000000000000000        0.0000000000000000     0.0000000000000000
     0.0000000000000000     0.0000000000000000        0.1514459544553323     0.0000000000000000        0.0000000000000018     0.0000000000000000
     0.0000000000000000     0.0000000000000000        0.0000000000000018     0.0000000000000000        0.3980927069188084     0.0000000000000000

     Dynamical Matrix in cartesian axes

     q = (     0.124495269738    -0.124495269738    -0.000000000000 )

    1    1
     0.2064671083383287     0.0000000000000000        0.0000000000000000     0.0000000000000000        0.0000000000000000     0.0000000000000000
     0.0000000000000000     0.0000000000000000        0.2064671083383292     0.0000000000000000        0.0000000000000009     0.0000000000000000
     0.0000000000000000     0.0000000000000000        0.0000000000000009     0.0000000000000000        0.1174304188917401     0.0000000000000000
    1    2
     0.0000000000000000    -0.0000000000000000       -0.1962446946331752     0.0000000057187522       -0.0000000000000005     0.0000000000000000
    -0.1962446946331752     0.0000000057187522       -0.0000000000000000     0.0000000000000000       -0.0000000000000000     0.0000000000000000
    -0.0000000000000005     0.0000000000000000       -0.0000000000000000     0.0000000000000000       -0.0000000000000000     0.0000000000000000
    1    3
     0.0000000000000000    -0.0000000000000000        0.0000000000000000    -0.0000000000000000        0.0000000000000000    -0.0000000000000000
     0.0000000000000000    -0.0000000000000000        0.0000000000000000    -0.0000000000000000        0.0000000000000000    -0.0000000000000000
    -0.0000000000000000     0.0000000000000000       -0.0000000000000000    -0.0000000000000000        0.0000000000000000    -0.0000000000000000
    1    4
     0.0000000000000000     0.0000000000000000        0.0000000000000000     0.0000000000000000        0.0000000000000000     0.0000000000000000
     0.0000000000000000     0.0000000000000000        0.0000000000000000     0.0000000000000000       -0.0000000000000000     0.0000000000000000
     0.0000000000000000     0.0000000000000000        0.0000000000000000    -0.0000000000000000        0.0000000000000000     0.0000000000000000
    1    5
    -0.0000000000000000     0.0000000000000000        0.0104649629812947    -0.0000000003049587        0.0000000000000000    -0.0000000000000000
     0.0104649629812947    -0.0000000003049587        0.0000000000000000    -0.0000000000000000        0.0000000000000000    -0.0000000000000000
     0.0000000000000000    -0.0000000000000000        0.0000000000000000    -0.0000000000000000        0.0000000000000000    -0.0000000000000000
    2    1
     0.0000000000000000     0.0000000000000000       -0.1962446946331752    -0.0000000057187522       -0.0000000000000005    -0.0000000000000000
    -0.1962446946331752    -0.0000000057187522       -0.0000000000000000    -0.0000000000000000       -0.0000000000000000    -0.0000000000000000
    -0.0000000000000005    -0.0000000000000000       -0.0000000000000000    -0.0000000000000000       -0.0000000000000000    -0.0000000000000000
    2    2
     0.5571726888007165     0.0000000000000000        0.0000000000000000     0.0000000000000000        0.0000000000000001     0.0000000000000000
     0.0000000000000000     0.0000000000000000        0.5571726888007178     0.0000000000000000        0.0000000000000016     0.0000000000000000
     0.0000000000000001     0.0000000000000000        0.0000000000000016     0.0000000000000000        0.0557654957354108     0.0000000000000000
    2    3
    -0.0000000000000000     0.0000000000000000        0.0000000000000000     0.0000000000000000        0.0000000000000000     0.0000000000000000
    -0.0000000000000000     0.0000000000000000       -0.0000000000000000     0.0000000000000000        0.0000000000000000     0.0000000000000000
    -0.0000000000000000    -0.0000000000000000       -0.0000000000000000    -0.0000000000000000        0.0000000000000000    -0.0000000000000000
    2    4
    -0.0000000000000000    -0.0000000000000000       -0.0000000000000000    -0.0000000000000000        0.0000000000000000    -0.0000000000000000
    -0.0000000000000000     0.0000000000000000       -0.0000000000000000    -0.0000000000000000       -0.0000000000000000    -0.0000000000000000
    -0.0000000000000000    -0.0000000000000000       -0.0000000000000000    -0.0000000000000000        0.0000000000000000     0.0000000000000000
    2    5
    -0.1030208499987888     0.0000000000000000       -0.0000000000000000     0.0000000000000000       -0.0000000000000000     0.0000000000000000
    -0.0000000000000000     0.0000000000000000       -0.1030208499987890     0.0000000000000000       -0.0000000000000000     0.0000000000000000
    -0.0000000000000000     0.0000000000000000       -0.0000000000000000     0.0000000000000000        0.0576076191361785    -0.0000000000000000
    3    1
     0.0000000000000000     0.0000000000000000        0.0000000000000000     0.0000000000000000        0.0000000000000000    -0.0000000000000000
     0.0000000000000000     0.0000000000000000        0.0000000000000000     0.0000000000000000       -0.0000000000000000     0.0000000000000000
     0.0000000000000000     0.0000000000000000        0.0000000000000000     0.0000000000000000        0.0000000000000000     0.0000000000000000
    3    2
    -0.0000000000000000    -0.0000000000000000       -0.0000000000000000    -0.0000000000000000       -0.0000000000000000     0.0000000000000000
     0.0000000000000000    -0.0000000000000000       -0.0000000000000000    -0.0000000000000000        0.0000000000000000     0.0000000000000000
    -0.0000000000000000    -0.0000000000000000        0.0000000000000000    -0.0000000000000000        0.0000000000000000     0.0000000000000000
    3    3
     0.3980927069188065     0.0000000000000000        0.0000000000000000     0.0000000000000000        0.0000000000000000     0.0000000000000000
     0.0000000000000000     0.0000000000000000        0.1514459544553323     0.0000000000000000        0.0000000000000009     0.0000000000000000
     0.0000000000000000     0.0000000000000000        0.0000000000000009     0.0000000000000000        0.1452046277132658     0.0000000000000000
    3    4
    -0.0000000000000000     0.0000000000000000        0.2073170192854801    -0.0000000120828200        0.0000000000000005    -0.0000000000000000
     0.1030823094688923    -0.0000000060078280        0.0000000000000000    -0.0000000000000000        0.0000000000000000    -0.0000000000000000
     0.0000000000000003    -0.0000000000000000        0.0000000000000000    -0.0000000000000000        0.0000000000000000    -0.0000000000000000
    3    5
     0.0000000000000000     0.0000000000000000        0.0000000000000000     0.0000000000000000        0.0000000000000000     0.0000000000000000
     0.0000000000000000     0.0000000000000000        0.0000000000000000    -0.0000000000000000        0.0000000000000000     0.0000000000000000
     0.0000000000000000    -0.0000000000000000        0.0000000000000000     0.0000000000000000        0.0000000000000000     0.0000000000000000
    4    1
     0.0000000000000000    -0.0000000000000000        0.0000000000000000    -0.0000000000000000        0.0000000000000000    -0.0000000000000000
     0.0000000000000000    -0.0000000000000000        0.0000000000000000    -0.0000000000000000        0.0000000000000000     0.0000000000000000
     0.0000000000000000    -0.0000000000000000        0.0000000000000000    -0.0000000000000000        0.0000000000000000    -0.0000000000000000
    4    2
    -0.0000000000000000     0.0000000000000000       -0.0000000000000000    -0.0000000000000000        0.0000000000000000     0.0000000000000000
    -0.0000000000000000     0.0000000000000000       -0.0000000000000000     0.0000000000000000       -0.0000000000000000     0.0000000000000000
     0.0000000000000000     0.0000000000000000        0.0000000000000000     0.0000000000000000        0.0000000000000000    -0.0000000000000000
    4    3
    -0.0000000000000000    -0.0000000000000000        0.1030823094688923     0.0000000060078280        0.0000000000000003     0.0000000000000000
     0.2073170192854801     0.0000000120828200        0.0000000000000000     0.0000000000000000        0.0000000000000000     0.0000000000000000
     0.0000000000000005     0.0000000000000000        0.0000000000000000     0.0000000000000000        0.0000000000000000     0.0000000000000000
    4    4
     0.1514459544553319     0.0000000000000000        0.0000000000000000     0.0000000000000000        0.0000000000000000     0.0000000000000000
     0.0000000000000000     0.0000000000000000        0.3980927069188074     0.0000000000000000        0.0000000000000015     0.0000000000000000
     0.0000000000000000     0.0000000000000000        0.0000000000000015     0.0000000000000000        0.1452046277132658     0.0000000000000000
    4    5
     0.0000000000000000     0.0000000000000000       -0.0000000000000000     0.0000000000000000       -0.0000000000000000    -0.0000000000000000
    -0.0000000000000000    -0.0000000000000000        0.0000000000000000    -0.0000000000000000        0.0000000000000000    -0.0000000000000000
    -0.0000000000000000    -0.0000000000000000       -0.0000000000000000    -0.0000000000000000        0.0000000000000000    -0.0000000000000000
    5    1
    -0.0000000000000000    -0.0000000000000000        0.0104649629812947     0.0000000003049587        0.0000000000000000     0.0000000000000000
     0.0104649629812947     0.0000000003049587        0.0000000000000000     0.0000000000000000        0.0000000000000000     0.0000000000000000
     0.0000000000000000     0.0000000000000000        0.0000000000000000     0.0000000000000000        0.0000000000000000     0.0000000000000000
    5    2
    -0.1030208499987888    -0.0000000000000000       -0.0000000000000000    -0.0000000000000000       -0.0000000000000000    -0.0000000000000000
    -0.0000000000000000    -0.0000000000000000       -0.1030208499987890    -0.0000000000000000       -0.0000000000000000    -0.0000000000000000
    -0.0000000000000000    -0.0000000000000000       -0.0000000000000000    -0.0000000000000000        0.0576076191361785     0.0000000000000000
    5    3
     0.0000000000000000    -0.0000000000000000        0.0000000000000000    -0.0000000000000000        0.0000000000000000     0.0000000000000000
     0.0000000000000000    -0.0000000000000000        0.0000000000000000     0.0000000000000000        0.0000000000000000    -0.0000000000000000
     0.0000000000000000    -0.0000000000000000       -0.0000000000000000    -0.0000000000000000        0.0000000000000000    -0.0000000000000000
    5    4
     0.0000000000000000    -0.0000000000000000       -0.0000000000000000     0.0000000000000000        0.0000000000000000     0.0000000000000000
    -0.0000000000000000    -0.0000000000000000        0.0000000000000000     0.0000000000000000       -0.0000000000000000     0.0000000000000000
    -0.0000000000000000     0.0000000000000000        0.0000000000000000     0.0000000000000000        0.0000000000000000     0.0000000000000000
    5    5
     0.1331180118748798     0.0000000000000000        0.0000000000000000     0.0000000000000000        0.0000000000000000     0.0000000000000000
     0.0000000000000000     0.0000000000000000        0.1331180118748801     0.0000000000000000        0.0000000000000009     0.0000000000000000
     0.0000000000000000     0.0000000000000000        0.0000000000000009     0.0000000000000000        0.1528384607537833     0.0000000000000000

     Diagonalizing the dynamical matrix

     q = (    -0.124495269738    -0.000000000000    -0.124495269738 )

***************************************************************************
   freq (    1) =     2.83492236 [THz] =    94.56281763 [cm-1]
(   0.000000  0.000000  -0.000000  0.000000  -0.000000 -0.000000 )
(  -0.000000 -0.000000  -0.926658  0.000000   0.000000 -0.000000 )
(   0.000000 -0.000000   0.000000  0.000000  -0.000000  0.000000 )
(  -0.000000 -0.000000   0.375906 -0.000000  -0.000000  0.000000 )
(   0.000000 -0.000000   0.000000 -0.000000  -0.000000  0.000000 )
   freq (    2) =     3.18656332 [THz] =   106.29229587 [cm-1]
(  -0.000000  0.000000   1.000000  0.000000  -0.000000 -0.000000 )
(  -0.000000 -0.000000   0.000000 -0.000000  -0.000000  0.000000 )
(   0.000000  0.000000   0.000000  0.000000  -0.000000  0.000000 )
(  -0.000000 -0.000000   0.000000  0.000000  -0.000000  0.000000 )
(   0.000000 -0.000000   0.000000 -0.000000  -0.000000  0.000000 )
   freq (    3) =     3.26257711 [THz] =   108.82784262 [cm-1]
(  -0.012514  0.000000  -0.000000  0.000000  -0.883644  0.000000 )
(  -0.389235  0.000000   0.000000 -0.000000  -0.005512  0.000000 )
(  -0.000000  0.000000  -0.000000 -0.000000   0.000000 -0.000000 )
(  -0.259749  0.000000  -0.000000  0.000000  -0.003679  0.000000 )
(  -0.000000  0.000000  -0.000000  0.000000   0.000000 -0.000000 )
   freq (    4) =     3.26257711 [THz] =   108.82784262 [cm-1]
(   0.883644  0.000000   0.000000  0.000000  -0.012514  0.000000 )
(  -0.005512  0.000000   0.000000 -0.000000   0.389235 -0.000000 )
(  -0.000000  0.000000  -0.000000  0.000000   0.000000 -0.000000 )
(  -0.003679  0.000000  -0.000000  0.000000   0.259749 -0.000000 )
(  -0.000000  0.000000  -0.000000  0.000000   0.000000 -0.000000 )
   freq (    5) =     5.99133091 [THz] =   199.84925891 [cm-1]
(   0.000000  0.000000  -0.000000  0.000000  -0.000000  0.000000 )
(  -0.000000  0.000000   0.000000 -0.000000  -0.000000  0.000000 )
(  -0.000000  0.000000   0.000000 -0.000000  -0.707107  0.000000 )
(  -0.000000  0.000000  -0.000000  0.000000   0.000000  0.000000 )
(   0.707107 -0.000000  -0.000000  0.000000   0.000000  0.000000 )
   freq (    6) =     8.54469498 [THz] =   285.02030427 [cm-1]
(   0.002502  0.000000  -0.000000  0.000000  -0.080177  0.000000 )
(   0.311089 -0.000000  -0.000000  0.000000  -0.009708  0.000000 )
(  -0.000000  0.000000  -0.000000 -0.000000  -0.000000  0.000000 )
(   0.946479 -0.000000  -0.000000  0.000000  -0.029535  0.000000 )
(   0.000000 -0.000000  -0.000000  0.000000   0.000000 -0.000000 )
   freq (    7) =     8.54469498 [THz] =   285.02030427 [cm-1]
(   0.080177  0.000000  -0.000000 -0.000000   0.002502 -0.000000 )
(  -0.009708  0.000000   0.000000 -0.000000  -0.311089  0.000000 )
(  -0.000000 -0.000000   0.000000  0.000000   0.000000 -0.000000 )
(  -0.029535  0.000000   0.000000 -0.000000  -0.946479  0.000000 )
(  -0.000000  0.000000   0.000000 -0.000000  -0.000000  0.000000 )
   freq (    8) =    10.38135455 [THz] =   346.28466433 [cm-1]
(   0.000000  0.000000  -0.000000 -0.000000  -0.000000 -0.000000 )
(   0.000000 -0.000000   0.000000 -0.000000  -0.000000  0.000000 )
(   0.000000 -0.000000   0.000927  0.000000  -0.000000  0.000000 )
(   0.000000 -0.000000  -0.000000  0.000000   0.000000 -0.000000 )
(  -0.000000  0.000000   1.000000 -0.000000  -0.000000  0.000000 )
   freq (    9) =    10.38135455 [THz] =   346.28466433 [cm-1]
(   0.000000  0.000000  -0.000000 -0.000000  -0.000000 -0.000000 )
(   0.000000 -0.000000   0.000000 -0.000000  -0.000000  0.000000 )
(   0.000000  0.000000   1.000000  0.000000  -0.000000 -0.000000 )
(   0.000000 -0.000000  -0.000000  0.000000   0.000000 -0.000000 )
(  -0.000000 -0.000000  -0.000927  0.000000  -0.000000 -0.000000 )
   freq (   10) =    10.91951095 [THz] =   364.23562673 [cm-1]
(  -0.000000  0.000000  -0.000000 -0.000000   0.000000  0.000000 )
(  -0.000000 -0.000000   0.134357 -0.000000   0.000000 -0.000000 )
(  -0.000000  0.000000   0.000000  0.000000   0.000000 -0.000000 )
(   0.000000  0.000000   0.990933 -0.000000   0.000000 -0.000000 )
(  -0.000000  0.000000   0.000000 -0.000000  -0.000000  0.000000 )
   freq (   11) =    11.89940671 [THz] =   396.92142663 [cm-1]
(   0.000000  0.000000   0.000000  0.000000   0.000000  0.000000 )
(  -0.000000  0.000000  -0.000000 -0.000000   0.000000  0.000000 )
(  -0.707107 -0.000000   0.000000  0.000000  -0.000000 -0.000000 )
(  -0.000000  0.000000   0.000000  0.000000  -0.000000 -0.000000 )
(  -0.000000 -0.000000   0.000000  0.000000   0.707107  0.000000 )
   freq (   12) =    13.08509270 [THz] =   436.47164842 [cm-1]
(   0.001759  0.000000  -0.000000 -0.000000  -0.079643 -0.000000 )
(   0.681011 -0.000000   0.000000 -0.000000  -0.015044  0.000000 )
(  -0.000000  0.000000   0.000000  0.000000   0.000000 -0.000000 )
(  -0.727594  0.000000   0.000000 -0.000000   0.016073 -0.000000 )
(  -0.000000  0.000000   0.000000 -0.000000  -0.000000  0.000000 )
   freq (   13) =    13.08509270 [THz] =   436.47164842 [cm-1]
(  -0.079643  0.000000   0.000000  0.000000  -0.001759 -0.000000 )
(   0.015044 -0.000000   0.000000 -0.000000   0.681011 -0.000000 )
(  -0.000000  0.000000   0.000000  0.000000   0.000000 -0.000000 )
(  -0.016073  0.000000  -0.000000  0.000000  -0.727594  0.000000 )
(  -0.000000  0.000000   0.000000 -0.000000  -0.000000  0.000000 )
   freq (   14) =    13.74459042 [THz] =   458.47012101 [cm-1]
(   0.000000  0.000000  -0.000000 -0.000000  -0.000000  0.000000 )
(  -0.000000  0.000000   0.000000  0.000000  -0.000000  0.000000 )
(  -0.000000  0.000000   0.000000 -0.000000   0.707107 -0.000000 )
(  -0.000000  0.000000  -0.000000 -0.000000  -0.000000 -0.000000 )
(   0.707107 -0.000000   0.000000 -0.000000   0.000000 -0.000000 )
   freq (   15) =    21.19768781 [THz] =   707.07865438 [cm-1]
(   0.000000  0.000000   0.000000  0.000000  -0.000000 -0.000000 )
(   0.000000  0.000000  -0.000000 -0.000000   0.000000  0.000000 )
(  -0.707107 -0.000000   0.000000 -0.000000  -0.000000 -0.000000 )
(   0.000000  0.000000   0.000000  0.000000  -0.000000 -0.000000 )
(   0.000000 -0.000000  -0.000000 -0.000000  -0.707107 -0.000000 )
***************************************************************************
