Dynamical matrix file
File generated with the CellConstructor by Lorenzo Monacelli
3 5 0     1.8897259890000000     0.0000000000000000     0.0000000000000000     0.0000000000000000     0.0000000000000000     0.0000000000000000
Basis vectors
    4.0162168494695329     0.0000000000000000     0.0000000000000001
   -0.0000000000000002     4.0162168494695285    -0.0000000000000146
   -0.0000000000000005    -0.0000000000000098     4.0162168494695232
	1  'Ba '  125165.9077335107867839
	2  'Ti '  43628.1030349454958923
	3  'O '  14582.1969301625977096
    1     1     0.0000000000000002    -0.0000000000000001     0.0000000000000000
    2     2     2.0081084247347665     2.0081084247347594     2.0081084247347545
    3     3     0.0000000000000002     2.0081084247347594     2.0081084247347545
    4     3     2.0081084247347665    -0.0000000000000058     2.0081084247347611
    5     3     2.0081084247347669     2.0081084247347643    -0.0000000000000075

     Dynamical Matrix in cartesian axes

     q = (    -0.124495269738    -0.000000000000    -0.000000000000 )

    1    1
     0.2662697469304933     0.0000000000000000        0.0000000000000000     0.0000000000000000        0.0000000000000000     0.0000000000000000
     0.0000000000000000     0.0000000000000000        0.1213960198058686     0.0000000000000000        0.0000000000000007     0.0000000000000000
     0.0000000000000000     0.0000000000000000        0.0000000000000007     0.0000000000000000        0.1213960198058689     0.0000000000000000
    1    2
     0.0000000000000000    -0.0000000000000000        0.0000000000000000    -0.0000000000000000        0.0000000000000000    -0.0000000000000000
    -0.0000000000000000    -0.0000000000000000       -0.0000000000000000     0.0000000000000000        0.0000000000000000     0.0000000000000000
     0.0000000000000000    -0.0000000000000000       -0.0000000000000000     0.0000000000000000       -0.0000000000000000     0.0000000000000000
    1    3
    -0.1259368757971924     0.0000000000000000       -0.0000000000000000     0.0000000000000000       -0.0000000000000000     0.0000000000000000
    -0.0000000000000000     0.0000000000000000       -0.0177532734486660     0.0000000000000000       -0.0000000000000001     0.0000000000000000
    -0.0000000000000000     0.0000000000000000       -0.0000000000000001     0.0000000000000000       -0.0177532734486661     0.0000000000000000
    1    4
    -0.0000000000000000     0.0000000000000000       -0.0000000000000000     0.0000000000000000       -0.0000000000000000     0.0000000000000000
    -0.0000000000000000     0.0000000000000000       -0.0000000000000000     0.0000000000000000       -0.0000000000000000    -0.0000000000000000
    -0.0000000000000000     0.0000000000000000       -0.0000000000000000    -0.0000000000000000        0.0000000000000000    -0.0000000000000000
    1    5
    -0.0000000000000000     0.0000000000000000       -0.0000000000000000     0.0000000000000000       -0.0000000000000000     0.0000000000000000
    -0.0000000000000000     0.0000000000000000        0.0000000000000000    -0.0000000000000000        0.0000000000000000     0.0000000000000000
    -0.0000000000000000     0.0000000000000000       -0.0000000000000000     0.0000000000000000       -0.0000000000000000     0.0000000000000000
    2    1
     0.0000000000000000     0.0000000000000000       -0.0000000000000000     0.0000000000000000        0.0000000000000000     0.0000000000000000
     0.0000000000000000     0.0000000000000000       -0.0000000000000000    -0.0000000000000000        0.0000000000000000    -0.0000000000000000
     0.0000000000000000     0.0000000000000000        0.0000000000000000    -0.0000000000000000       -0.0000000000000000    -0.0000000000000000
    2    2
     0.5969605183914712     0.0000000000000000        0.0000000000000000     0.0000000000000000        0.0000000000000001     0.0000000000000000
     0.0000000000000000     0.0000000000000000        0.0723914025862500     0.0000000000000000        0.0000000000000004     0.0000000000000000
     0.0000000000000001     0.0000000000000000        0.0000000000000004     0.0000000000000000        0.0723914025862502     0.0000000000000000
    2    3
     0.0000000000000000     0.0000000000000000        0.0000000000000000     0.0000000000000000        0.0000000000000000     0.0000000000000000
     0.0000000000000000     0.0000000000000000       -0.0000000000000000    -0.0000000000000000       -0.0000000000000000     0.0000000000000000
     0.0000000000000000     0.0000000000000000       -0.0000000000000000     0.0000000000000000       -0.0000000000000000    -0.0000000000000000
    2    4
    -0.1406148842848396    -0.0000000000000000       -0.0000000000000000    -0.0000000000000000       -0.0000000000000000    -0.0000000000000000
    -0.0000000000000000    -0.0000000000000000        0.0545066078833246     0.0000000000000000        0.0000000000000000     0.0000000000000000
    -0.0000000000000000    -0.0000000000000000        0.0000000000000000     0.0000000000000000       -0.0275115627481944    -0.0000000000000000
    2    5
    -0.1406148842848396    -0.0000000000000000       -0.0000000000000000    -0.0000000000000000       -0.0000000000000000    -0.0000000000000000
    -0.0000000000000000    -0.0000000000000000       -0.0275115627481943    -0.0000000000000000        0.0000000000000001     0.0000000000000000
    -0.0000000000000000    -0.0000000000000000        0.0000000000000001     0.0000000000000000        0.0545066078833247     0.0000000000000000
    3    1
    -0.1259368757971924    -0.0000000000000000       -0.0000000000000000    -0.0000000000000000       -0.0000000000000000    -0.0000000000000000
    -0.0000000000000000    -0.0000000000000000       -0.0177532734486660    -0.0000000000000000       -0.0000000000000001    -0.0000000000000000
    -0.0000000000000000    -0.0000000000000000       -0.0000000000000001    -0.0000000000000000       -0.0177532734486661    -0.0000000000000000
    3    2
     0.0000000000000000    -0.0000000000000000        0.0000000000000000    -0.0000000000000000        0.0000000000000000    -0.0000000000000000
     0.0000000000000000    -0.0000000000000000       -0.0000000000000000     0.0000000000000000       -0.0000000000000000    -0.0000000000000000
     0.0000000000000000    -0.0000000000000000        0.0000000000000000    -0.0000000000000000       -0.0000000000000000     0.0000000000000000
    3    3
     0.4890644205790591     0.0000000000000000        0.0000000000000000     0.0000000000000000        0.0000000000000001     0.0000000000000000
     0.0000000000000000     0.0000000000000000        0.1324292369417636     0.0000000000000000        0.0000000000000008     0.0000000000000000
     0.0000000000000001     0.0000000000000000        0.0000000000000008     0.0000000000000000        0.1324292369417639     0.0000000000000000
    3    4
    -0.0000000000000000     0.0000000000000000       -0.0000000000000000     0.0000000000000000       -0.0000000000000000     0.0000000000000000
    -0.0000000000000000     0.0000000000000000       -0.0000000000000000     0.0000000000000000        0.0000000000000000    -0.0000000000000000
    -0.0000000000000000     0.0000000000000000       -0.0000000000000000    -0.0000000000000000        0.0000000000000000    -0.0000000000000000
    3    5
    -0.0000000000000000     0.0000000000000000       -0.0000000000000000     0.0000000000000000       -0.0000000000000000     0.0000000000000000
    -0.0000000000000000     0.0000000000000000        0.0000000000000000    -0.0000000000000000       -0.0000000000000000     0.0000000000000000
    -0.0000000000000000     0.0000000000000000       -0.0000000000000000     0.0000000000000000       -0.0000000000000000     0.0000000000000000
    4    1
    -0.0000000000000000    -0.0000000000000000       -0.0000000000000000    -0.0000000000000000       -0.0000000000000000    -0.0000000000000000
    -0.0000000000000000    -0.0000000000000000       -0.0000000000000000    -0.0000000000000000       -0.0000000000000000     0.0000000000000000
    -0.0000000000000000    -0.0000000000000000       -0.0000000000000000     0.0000000000000000        0.0000000000000000     0.0000000000000000
    4    2
    -0.1406148842848396     0.0000000000000000       -0.0000000000000000     0.0000000000000000       -0.0000000000000000     0.0000000000000000
    -0.0000000000000000     0.0000000000000000        0.0545066078833246    -0.0000000000000000        0.0000000000000000    -0.0000000000000000
    -0.0000000000000000     0.0000000000000000        0.0000000000000000    -0.0000000000000000       -0.0275115627481944     0.0000000000000000
    4    3
    -0.0000000000000000    -0.0000000000000000       -0.0000000000000000    -0.0000000000000000       -0.0000000000000000    -0.0000000000000000
    -0.0000000000000000    -0.0000000000000000       -0.0000000000000000    -0.0000000000000000        0.0000000000000000     0.0000000000000000
    -0.0000000000000000    -0.0000000000000000        0.0000000000000000     0.0000000000000000        0.0000000000000000     0.0000000000000000
    4    4
     0.1637217943117033     0.0000000000000000        0.0000000000000000     0.0000000000000000        0.0000000000000000     0.0000000000000000
     0.0000000000000000     0.0000000000000000        0.1378495116317148     0.0000000000000000        0.0000000000000008     0.0000000000000000
     0.0000000000000000     0.0000000000000000        0.0000000000000008     0.0000000000000000        0.1264015310008889     0.0000000000000000
    4    5
     0.0416240920503304     0.0000000000000000        0.0000000000000000     0.0000000000000000        0.0000000000000000     0.0000000000000000
     0.0000000000000000     0.0000000000000000       -0.0871702063023501    -0.0000000000000000       -0.0000000000000005    -0.0000000000000000
     0.0000000000000000     0.0000000000000000       -0.0000000000000005    -0.0000000000000000       -0.0871702063023503    -0.0000000000000000
    5    1
    -0.0000000000000000    -0.0000000000000000       -0.0000000000000000    -0.0000000000000000       -0.0000000000000000    -0.0000000000000000
    -0.0000000000000000    -0.0000000000000000        0.0000000000000000     0.0000000000000000       -0.0000000000000000    -0.0000000000000000
    -0.0000000000000000    -0.0000000000000000        0.0000000000000000    -0.0000000000000000       -0.0000000000000000    -0.0000000000000000
    5    2
    -0.1406148842848396     0.0000000000000000       -0.0000000000000000     0.0000000000000000       -0.0000000000000000     0.0000000000000000
    -0.0000000000000000     0.0000000000000000       -0.0275115627481943     0.0000000000000000        0.0000000000000001    -0.0000000000000000
    -0.0000000000000000     0.0000000000000000        0.0000000000000001    -0.0000000000000000        0.0545066078833247    -0.0000000000000000
    5    3
    -0.0000000000000000    -0.0000000000000000       -0.0000000000000000    -0.0000000000000000       -0.0000000000000000    -0.0000000000000000
    -0.0000000000000000    -0.0000000000000000        0.0000000000000000     0.0000000000000000        0.0000000000000000    -0.0000000000000000
    -0.0000000000000000    -0.0000000000000000        0.0000000000000000    -0.0000000000000000       -0.0000000000000000    -0.0000000000000000
    5    4
     0.0416240920503304    -0.0000000000000000        0.0000000000000000    -0.0000000000000000        0.0000000000000000    -0.0000000000000000
     0.0000000000000000    -0.0000000000000000       -0.0871702063023501     0.0000000000000000       -0.0000000000000005     0.0000000000000000
     0.0000000000000000    -0.0000000000000000       -0.0000000000000005     0.0000000000000000       -0.0871702063023503     0.0000000000000000
    5    5
     0.1637217943117033     0.0000000000000000        0.0000000000000000     0.0000000000000000        0.0000000000000000     0.0000000000000000
     0.0000000000000000     0.0000000000000000        0.1264015310008886     0.0000000000000000        0.0000000000000008     0.0000000000000000
     0.0000000000000000     0.0000000000000000        0.0000000000000008     0.0000000000000000        0.1378495116317152     0.0000000000000000

     Dynamical Matrix in cartesian axes

     q = (     0.000000000000    -0.124495269738    -0.000000000000 )

    1    1
     0.1213960198058683     0.0000000000000000        0.0000000000000000     0.0000000000000000        0.0000000000000000     0.0000000000000000
     0.0000000000000000     0.0000000000000000        0.2662697469304939     0.0000000000000000        0.0000000000000011     0.0000000000000000
     0.0000000000000000     0.0000000000000000        0.0000000000000011     0.0000000000000000        0.1213960198058689     0.0000000000000000
    1    2
    -0.0000000000000000     0.0000000000000000       -0.0000000000000000     0.0000000000000000        0.0000000000000000     0.0000000000000000
    -0.0000000000000000     0.0000000000000000        0.0000000000000000    -0.0000000000000000        0.0000000000000000    -0.0000000000000000
     0.0000000000000000     0.0000000000000000        0.0000000000000000    -0.0000000000000000       -0.0000000000000000     0.0000000000000000
    1    3
    -0.0000000000000000     0.0000000000000000       -0.0000000000000000     0.0000000000000000        0.0000000000000000     0.0000000000000000
    -0.0000000000000000     0.0000000000000000       -0.0000000000000000     0.0000000000000000       -0.0000000000000000     0.0000000000000000
    -0.0000000000000000     0.0000000000000000       -0.0000000000000000     0.0000000000000000        0.0000000000000000    -0.0000000000000000
    1    4
    -0.0177532734486660     0.0000000000000000       -0.0000000000000000     0.0000000000000000       -0.0000000000000000     0.0000000000000000
    -0.0000000000000000     0.0000000000000000       -0.1259368757971927     0.0000000000000001       -0.0000000000000004     0.0000000000000000
    -0.0000000000000000     0.0000000000000000       -0.0000000000000004     0.0000000000000000       -0.0177532734486661     0.0000000000000000
    1    5
     0.0000000000000000    -0.0000000000000000        0.0000000000000000    -0.0000000000000000       -0.0000000000000000    -0.0000000000000000
     0.0000000000000000    -0.0000000000000000       -0.0000000000000000     0.0000000000000000       -0.0000000000000000     0.0000000000000000
     0.0000000000000000    -0.0000000000000000       -0.0000000000000000     0.0000000000000000       -0.0000000000000000     0.0000000000000000
    2    1
    -0.0000000000000000    -0.0000000000000000       -0.0000000000000000    -0.0000000000000000        0.0000000000000000    -0.0000000000000000
    -0.0000000000000000    -0.0000000000000000        0.0000000000000000     0.0000000000000000        0.0000000000000000     0.0000000000000000
     0.0000000000000000    -0.0000000000000000        0.0000000000000000     0.0000000000000000       -0.0000000000000000    -0.0000000000000000
    2    2
     0.0723914025862498     0.0000000000000000        0.0000000000000000     0.0000000000000000        0.0000000000000000     0.0000000000000000
     0.0000000000000000     0.0000000000000000        0.5969605183914726     0.0000000000000000        0.0000000000000017     0.0000000000000000
     0.0000000000000000     0.0000000000000000        0.0000000000000017     0.0000000000000000        0.0723914025862502     0.0000000000000000
    2    3
     0.0545066078833245    -0.0000000000000000        0.0000000000000000    -0.0000000000000000        0.0000000000000000    -0.0000000000000000
     0.0000000000000000    -0.0000000000000000       -0.1406148842848399     0.0000000000000000       -0.0000000000000004     0.0000000000000000
     0.0000000000000000    -0.0000000000000000       -0.0000000000000004     0.0000000000000000       -0.0275115627481944     0.0000000000000000
    2    4
    -0.0000000000000000    -0.0000000000000000       -0.0000000000000000    -0.0000000000000000        0.0000000000000000    -0.0000000000000000
    -0.0000000000000000    -0.0000000000000000        0.0000000000000000     0.0000000000000000        0.0000000000000000     0.0000000000000000
     0.0000000000000000    -0.0000000000000000        0.0000000000000000     0.0000000000000000       -0.0000000000000000    -0.0000000000000000
    2    5
    -0.0275115627481942     0.0000000000000000       -0.0000000000000000     0.0000000000000000       -0.0000000000000000     0.0000000000000000
    -0.0000000000000000     0.0000000000000000       -0.1406148842848399     0.0000000000000000       -0.0000000000000001     0.0000000000000000
    -0.0000000000000000     0.0000000000000000       -0.0000000000000001     0.0000000000000000        0.0545066078833247    -0.0000000000000000
    3    1
    -0.0000000000000000    -0.0000000000000000       -0.0000000000000000    -0.0000000000000000       -0.0000000000000000    -0.0000000000000000
    -0.0000000000000000    -0.0000000000000000       -0.0000000000000000    -0.0000000000000000       -0.0000000000000000    -0.0000000000000000
     0.0000000000000000    -0.0000000000000000       -0.0000000000000000    -0.0000000000000000        0.0000000000000000     0.0000000000000000
    3    2
     0.0545066078833245     0.0000000000000000        0.0000000000000000     0.0000000000000000        0.0000000000000000     0.0000000000000000
     0.0000000000000000     0.0000000000000000       -0.1406148842848399    -0.0000000000000000       -0.0000000000000004    -0.0000000000000000
     0.0000000000000000     0.0000000000000000       -0.0000000000000004    -0.0000000000000000       -0.0275115627481944    -0.0000000000000000
    3    3
     0.1378495116317146     0.0000000000000000        0.0000000000000000     0.0000000000000000        0.0000000000000000     0.0000000000000000
     0.0000000000000000     0.0000000000000000        0.1637217943117037     0.0000000000000000        0.0000000000000009     0.0000000000000000
     0.0000000000000000     0.0000000000000000        0.0000000000000009     0.0000000000000000        0.1264015310008889     0.0000000000000000
    3    4
    -0.0000000000000000    -0.0000000000000000       -0.0000000000000000    -0.0000000000000000       -0.0000000000000000    -0.0000000000000000
    -0.0000000000000000    -0.0000000000000000       -0.0000000000000000    -0.0000000000000000        0.0000000000000000     0.0000000000000000
    -0.0000000000000000    -0.0000000000000000        0.0000000000000000     0.0000000000000000        0.0000000000000000     0.0000000000000000
    3    5
    -0.0871702063023499     0.0000000000000000       -0.0000000000000000     0.0000000000000000       -0.0000000000000000     0.0000000000000000
    -0.0000000000000000     0.0000000000000000        0.0416240920503304    -0.0000000000000000       -0.0000000000000002     0.0000000000000000
    -0.0000000000000000     0.0000000000000000       -0.0000000000000002     0.0000000000000000       -0.0871702063023503     0.0000000000000000
    4    1
    -0.0177532734486660    -0.0000000000000000       -0.0000000000000000    -0.0000000000000000       -0.0000000000000000    -0.0000000000000000
    -0.0000000000000000    -0.0000000000000000       -0.1259368757971927    -0.0000000000000001       -0.0000000000000004    -0.0000000000000000
    -0.0000000000000000    -0.0000000000000000       -0.0000000000000004    -0.0000000000000000       -0.0177532734486661    -0.0000000000000000
    4    2
    -0.0000000000000000     0.0000000000000000       -0.0000000000000000     0.0000000000000000        0.0000000000000000     0.0000000000000000
    -0.0000000000000000     0.0000000000000000        0.0000000000000000    -0.0000000000000000        0.0000000000000000    -0.0000000000000000
    -0.0000000000000000     0.0000000000000000        0.0000000000000000    -0.0000000000000000       -0.0000000000000000     0.0000000000000000
    4    3
    -0.0000000000000000     0.0000000000000000       -0.0000000000000000     0.0000000000000000        0.0000000000000000     0.0000000000000000
    -0.0000000000000000     0.0000000000000000       -0.0000000000000000     0.0000000000000000        0.0000000000000000    -0.0000000000000000
    -0.0000000000000000     0.0000000000000000        0.0000000000000000    -0.0000000000000000        0.0000000000000000    -0.0000000000000000
    4    4
     0.1324292369417633     0.0000000000000000        0.0000000000000000     0.0000000000000000        0.0000000000000000     0.0000000000000000
     0.0000000000000000     0.0000000000000000        0.4890644205790602     0.0000000000000000        0.0000000000000017     0.0000000000000000
     0.0000000000000000     0.0000000000000000        0.0000000000000017     0.0000000000000000        0.1324292369417639     0.0000000000000000
    4    5
     0.0000000000000000    -0.0000000000000000        0.0000000000000000    -0.0000000000000000       -0.0000000000000000    -0.0000000000000000
     0.0000000000000000    -0.0000000000000000       -0.0000000000000000     0.0000000000000000       -0.0000000000000000     0.0000000000000000
     0.0000000000000000    -0.0000000000000000       -0.0000000000000000     0.0000000000000000       -0.0000000000000000     0.0000000000000000
    5    1
     0.0000000000000000     0.0000000000000000        0.0000000000000000     0.0000000000000000        0.0000000000000000     0.0000000000000000
     0.0000000000000000     0.0000000000000000       -0.0000000000000000    -0.0000000000000000       -0.0000000000000000    -0.0000000000000000
    -0.0000000000000000     0.0000000000000000       -0.0000000000000000    -0.0000000000000000       -0.0000000000000000    -0.0000000000000000
    5    2
    -0.0275115627481942    -0.0000000000000000       -0.0000000000000000    -0.0000000000000000       -0.0000000000000000    -0.0000000000000000
    -0.0000000000000000    -0.0000000000000000       -0.1406148842848399    -0.0000000000000000       -0.0000000000000001    -0.0000000000000000
    -0.0000000000000000    -0.0000000000000000       -0.0000000000000001    -0.0000000000000000        0.0545066078833247     0.0000000000000000
    5    3
    -0.0871702063023499    -0.0000000000000000       -0.0000000000000000    -0.0000000000000000       -0.0000000000000000    -0.0000000000000000
    -0.0000000000000000    -0.0000000000000000        0.0416240920503304     0.0000000000000000       -0.0000000000000002    -0.0000000000000000
    -0.0000000000000000    -0.0000000000000000       -0.0000000000000002    -0.0000000000000000       -0.0871702063023503    -0.0000000000000000
    5    4
     0.0000000000000000     0.0000000000000000        0.0000000000000000     0.0000000000000000       -0.0000000000000000     0.0000000000000000
     0.0000000000000000     0.0000000000000000       -0.0000000000000000    -0.0000000000000000       -0.0000000000000000    -0.0000000000000000
    -0.0000000000000000     0.0000000000000000       -0.0000000000000000    -0.0000000000000000       -0.0000000000000000    -0.0000000000000000
    5    5
     0.1264015310008883     0.0000000000000000        0.0000000000000000     0.0000000000000000        0.0000000000000000     0.0000000000000000
     0.0000000000000000     0.0000000000000000        0.1637217943117037     0.0000000000000000        0.0000000000000009     0.0000000000000000
     0.0000000000000000     0.0000000000000000        0.0000000000000009     0.0000000000000000        0.1378495116317152     0.0000000000000000

     Dynamical Matrix in cartesian axes

     q = (     0.000000000000    -0.000000000000    -0.124495269738 )

    1    1
     0.1213960198058683     0.0000000000000000        0.0000000000000000     0.0000000000000000        0.0000000000000000     0.0000000000000000
     0.0000000000000000     0.0000000000000000        0.1213960198058686     0.0000000000000000        0.0000000000000013     0.0000000000000000
     0.0000000000000000     0.0000000000000000        0.0000000000000013     0.0000000000000000        0.2662697469304945     0.0000000000000000
    1    2
    -0.0000000000000000     0.0000000000000000        0.0000000000000000    -0.0000000000000000       -0.0000000000000000     0.0000000000000000
    -0.0000000000000000    -0.0000000000000000       -0.0000000000000000     0.0000000000000000        0.0000000000000000    -0.0000000000000000
     0.0000000000000000     0.0000000000000000        0.0000000000000000    -0.0000000000000000        0.0000000000000000    -0.0000000000000000
    1    3
    -0.0000000000000000     0.0000000000000000       -0.0000000000000000     0.0000000000000000       -0.0000000000000000     0.0000000000000000
    -0.0000000000000000     0.0000000000000000        0.0000000000000000    -0.0000000000000000       -0.0000000000000000     0.0000000000000000
    -0.0000000000000000     0.0000000000000000       -0.0000000000000000     0.0000000000000000       -0.0000000000000000     0.0000000000000000
    1    4
     0.0000000000000000    -0.0000000000000000        0.0000000000000000    -0.0000000000000000        0.0000000000000000    -0.0000000000000000
    -0.0000000000000000    -0.0000000000000000       -0.0000000000000000     0.0000000000000000       -0.0000000000000000     0.0000000000000000
     0.0000000000000000    -0.0000000000000000       -0.0000000000000000     0.0000000000000000       -0.0000000000000000     0.0000000000000000
    1    5
    -0.0177532734486660     0.0000000000000000       -0.0000000000000000     0.0000000000000000        0.0000000000000000    -0.0000000000000000
    -0.0000000000000000     0.0000000000000000       -0.0177532734486660     0.0000000000000000       -0.0000000000000005     0.0000000000000000
     0.0000000000000000    -0.0000000000000000       -0.0000000000000005     0.0000000000000000       -0.1259368757971931     0.0000000000000000
    2    1
    -0.0000000000000000    -0.0000000000000000        0.0000000000000000     0.0000000000000000       -0.0000000000000000    -0.0000000000000000
     0.0000000000000000     0.0000000000000000       -0.0000000000000000    -0.0000000000000000        0.0000000000000000     0.0000000000000000
    -0.0000000000000000    -0.0000000000000000        0.0000000000000000     0.0000000000000000        0.0000000000000000     0.0000000000000000
    2    2
     0.0723914025862498     0.0000000000000000        0.0000000000000000     0.0000000000000000       -0.0000000000000000     0.0000000000000000
     0.0000000000000000     0.0000000000000000        0.0723914025862500     0.0000000000000000        0.0000000000000024     0.0000000000000000
    -0.0000000000000000     0.0000000000000000        0.0000000000000024     0.0000000000000000        0.5969605183914739     0.0000000000000000
    2    3
     0.0545066078833245     0.0000000000000000        0.0000000000000000     0.0000000000000000        0.0000000000000000     0.0000000000000000
     0.0000000000000000     0.0000000000000000       -0.0275115627481943    -0.0000000000000000       -0.0000000000000006    -0.0000000000000000
     0.0000000000000000     0.0000000000000000       -0.0000000000000006    -0.0000000000000000       -0.1406148842848403    -0.0000000000000000
    2    4
    -0.0275115627481942     0.0000000000000000       -0.0000000000000000     0.0000000000000000       -0.0000000000000000     0.0000000000000000
    -0.0000000000000000     0.0000000000000000        0.0545066078833246    -0.0000000000000000       -0.0000000000000004     0.0000000000000000
    -0.0000000000000000     0.0000000000000000       -0.0000000000000004     0.0000000000000000       -0.1406148842848403     0.0000000000000001
    2    5
    -0.0000000000000000    -0.0000000000000000       -0.0000000000000000    -0.0000000000000000       -0.0000000000000000    -0.0000000000000000
     0.0000000000000000    -0.0000000000000000       -0.0000000000000000    -0.0000000000000000        0.0000000000000000     0.0000000000000000
    -0.0000000000000000    -0.0000000000000000        0.0000000000000000     0.0000000000000000        0.0000000000000000     0.0000000000000000
    3    1
    -0.0000000000000000    -0.0000000000000000        0.0000000000000000    -0.0000000000000000       -0.0000000000000000    -0.0000000000000000
    -0.0000000000000000    -0.0000000000000000        0.0000000000000000     0.0000000000000000       -0.0000000000000000    -0.0000000000000000
    -0.0000000000000000    -0.0000000000000000       -0.0000000000000000    -0.0000000000000000       -0.0000000000000000    -0.0000000000000000
    3    2
     0.0545066078833245    -0.0000000000000000        0.0000000000000000    -0.0000000000000000        0.0000000000000000    -0.0000000000000000
     0.0000000000000000    -0.0000000000000000       -0.0275115627481943     0.0000000000000000       -0.0000000000000006     0.0000000000000000
     0.0000000000000000    -0.0000000000000000       -0.0000000000000006     0.0000000000000000       -0.1406148842848403     0.0000000000000000
    3    3
     0.1378495116317146     0.0000000000000000        0.0000000000000000     0.0000000000000000        0.0000000000000000     0.0000000000000000
     0.0000000000000000     0.0000000000000000        0.1264015310008886     0.0000000000000000        0.0000000000000009     0.0000000000000000
     0.0000000000000000     0.0000000000000000        0.0000000000000009     0.0000000000000000        0.1637217943117041     0.0000000000000000
    3    4
    -0.0871702063023499     0.0000000000000001       -0.0000000000000000     0.0000000000000000       -0.0000000000000000     0.0000000000000000
    -0.0000000000000000     0.0000000000000000       -0.0871702063023501     0.0000000000000001       -0.0000000000000001     0.0000000000000000
    -0.0000000000000000     0.0000000000000000       -0.0000000000000001     0.0000000000000000        0.0416240920503305    -0.0000000000000000
    3    5
    -0.0000000000000000    -0.0000000000000000       -0.0000000000000000    -0.0000000000000000       -0.0000000000000000    -0.0000000000000000
    -0.0000000000000000    -0.0000000000000000        0.0000000000000000     0.0000000000000000       -0.0000000000000000    -0.0000000000000000
    -0.0000000000000000    -0.0000000000000000       -0.0000000000000000    -0.0000000000000000       -0.0000000000000000    -0.0000000000000000
    4    1
     0.0000000000000000     0.0000000000000000       -0.0000000000000000     0.0000000000000000        0.0000000000000000     0.0000000000000000
     0.0000000000000000     0.0000000000000000       -0.0000000000000000    -0.0000000000000000       -0.0000000000000000    -0.0000000000000000
     0.0000000000000000     0.0000000000000000       -0.0000000000000000    -0.0000000000000000       -0.0000000000000000    -0.0000000000000000
    4    2
    -0.0275115627481942    -0.0000000000000000       -0.0000000000000000    -0.0000000000000000       -0.0000000000000000    -0.0000000000000000
    -0.0000000000000000    -0.0000000000000000        0.0545066078833246     0.0000000000000000       -0.0000000000000004    -0.0000000000000000
    -0.0000000000000000    -0.0000000000000000       -0.0000000000000004    -0.0000000000000000       -0.1406148842848403    -0.0000000000000001
    4    3
    -0.0871702063023499    -0.0000000000000001       -0.0000000000000000    -0.0000000000000000       -0.0000000000000000    -0.0000000000000000
    -0.0000000000000000    -0.0000000000000000       -0.0871702063023501    -0.0000000000000001       -0.0000000000000001    -0.0000000000000000
    -0.0000000000000000    -0.0000000000000000       -0.0000000000000001    -0.0000000000000000        0.0416240920503305     0.0000000000000000
    4    4
     0.1264015310008883     0.0000000000000000        0.0000000000000000     0.0000000000000000        0.0000000000000000     0.0000000000000000
     0.0000000000000000     0.0000000000000000        0.1378495116317148     0.0000000000000000        0.0000000000000009     0.0000000000000000
     0.0000000000000000     0.0000000000000000        0.0000000000000009     0.0000000000000000        0.1637217943117041     0.0000000000000000
    4    5
     0.0000000000000000     0.0000000000000000       -0.0000000000000000     0.0000000000000000        0.0000000000000000     0.0000000000000000
    -0.0000000000000000     0.0000000000000000       -0.0000000000000000    -0.0000000000000000       -0.0000000000000000    -0.0000000000000000
     0.0000000000000000     0.0000000000000000       -0.0000000000000000    -0.0000000000000000       -0.0000000000000000    -0.0000000000000000
    5    1
    -0.0177532734486660    -0.0000000000000000       -0.0000000000000000    -0.0000000000000000        0.0000000000000000     0.0000000000000000
    -0.0000000000000000    -0.0000000000000000       -0.0177532734486660    -0.0000000000000000       -0.0000000000000005    -0.0000000000000000
     0.0000000000000000     0.0000000000000000       -0.0000000000000005    -0.0000000000000000       -0.1259368757971931    -0.0000000000000000
    5    2
    -0.0000000000000000     0.0000000000000000       -0.0000000000000000     0.0000000000000000       -0.0000000000000000     0.0000000000000000
     0.0000000000000000     0.0000000000000000       -0.0000000000000000     0.0000000000000000        0.0000000000000000    -0.0000000000000000
    -0.0000000000000000     0.0000000000000000        0.0000000000000000    -0.0000000000000000        0.0000000000000000    -0.0000000000000000
    5    3
    -0.0000000000000000     0.0000000000000000        0.0000000000000000     0.0000000000000000       -0.0000000000000000     0.0000000000000000
     0.0000000000000000     0.0000000000000000        0.0000000000000000    -0.0000000000000000       -0.0000000000000000     0.0000000000000000
    -0.0000000000000000     0.0000000000000000       -0.0000000000000000     0.0000000000000000       -0.0000000000000000     0.0000000000000000
    5    4
     0.0000000000000000    -0.0000000000000000       -0.0000000000000000    -0.0000000000000000        0.0000000000000000    -0.0000000000000000
     0.0000000000000000    -0.0000000000000000       -0.0000000000000000     0.0000000000000000       -0.0000000000000000     0.0000000000000000
     0.0000000000000000    -0.0000000000000000       -0.0000000000000000     0.0000000000000000       -0.0000000000000000     0.0000000000000000
    5    5
     0.1324292369417633     0.0000000000000000        0.0000000000000000     0.0000000000000000        0.0000000000000000     0.0000000000000000
     0.0000000000000000     0.0000000000000000        0.1324292369417636     0.0000000000000000        0.0000000000000021     0.0000000000000000
     0.0000000000000000     0.0000000000000000        0.0000000000000021     0.0000000000000000        0.4890644205790614     0.0000000000000000

     Diagonalizing the dynamical matrix

     q = (    -0.124495269738    -0.000000000000    -0.000000000000 )

***************************************************************************
   freq (    1) =     3.20426116 [THz] =   106.88263215 [cm-1]
(   0.000000  0.000000  -0.761351 -0.000000   0.631211  0.000000 )
(   0.000000  0.000000  -0.000000 -0.000000  -0.000000  0.000000 )
(   0.000000  0.000000  -0.113971 -0.000000   0.094489  0.000000 )
(   0.000000 -0.000000   0.000000 -0.000000   0.000000 -0.000000 )
(   0.000000 -0.000000   0.000000 -0.000000   0.000000 -0.000000 )
   freq (    2) =     3.20426116 [THz] =   106.88263215 [cm-1]
(  -0.000000  0.000000   0.631211  0.000000   0.761351  0.000000 )
(   0.000000  0.000000  -0.000000 -0.000000  -0.000000  0.000000 )
(   0.000000  0.000000   0.094489  0.000000   0.113971  0.000000 )
(   0.000000 -0.000000   0.000000 -0.000000   0.000000 -0.000000 )
(   0.000000 -0.000000   0.000000 -0.000000   0.000000 -0.000000 )
   freq (    3) =     3.36307950 [THz] =   112.18024104 [cm-1]
(  -0.000000  0.000000  -0.000000 -0.000000   0.000000  0.000000 )
(  -0.000000 -0.000000   0.683234  0.000000  -0.486913 -0.000000 )
(   0.000000  0.000000   0.000000 -0.000000   0.000000  0.000000 )
(   0.000000  0.000000  -0.414726 -0.000000   0.111262  0.000000 )
(  -0.000000 -0.000000  -0.156122 -0.000000   0.295559  0.000000 )
   freq (    4) =     3.36307950 [THz] =   112.18024104 [cm-1]
(   0.000000  0.000000   0.000000  0.000000  -0.000000  0.000000 )
(   0.000000  0.000000  -0.486913  0.000000  -0.683234  0.000000 )
(  -0.000000  0.000000   0.000000  0.000000  -0.000000 -0.000000 )
(   0.000000  0.000000   0.295559 -0.000000   0.156122 -0.000000 )
(  -0.000000  0.000000   0.111262 -0.000000   0.414726 -0.000000 )
   freq (    5) =     4.47840654 [THz] =   149.38354132 [cm-1]
(  -0.964803  0.000000  -0.000000 -0.000000  -0.000000 -0.000000 )
(  -0.000000 -0.000000  -0.000000  0.000000  -0.000000 -0.000000 )
(  -0.262972 -0.000000  -0.000000 -0.000000  -0.000000 -0.000000 )
(   0.000000 -0.000000   0.000000  0.000000   0.000000 -0.000000 )
(   0.000000 -0.000000   0.000000 -0.000000   0.000000 -0.000000 )
   freq (    6) =     5.96884770 [THz] =   199.09929982 [cm-1]
(   0.000000  0.000000   0.000000 -0.000000  -0.000000  0.000000 )
(  -0.000000 -0.000000  -0.150651  0.000000   0.106756 -0.000000 )
(  -0.000000  0.000000   0.000000 -0.000000  -0.000000  0.000000 )
(  -0.000000  0.000000  -0.509424  0.000000   0.438837 -0.000000 )
(   0.000000 -0.000000  -0.619274  0.000000   0.360993 -0.000000 )
   freq (    7) =     5.96884770 [THz] =   199.09929982 [cm-1]
(   0.000000  0.000000   0.000000 -0.000000  -0.000000  0.000000 )
(   0.000000 -0.000000  -0.106756  0.000000  -0.150651  0.000000 )
(  -0.000000  0.000000   0.000000 -0.000000  -0.000000  0.000000 )
(   0.000000 -0.000000  -0.360993  0.000000  -0.619274  0.000000 )
(  -0.000000  0.000000  -0.438837  0.000000  -0.509424  0.000000 )
   freq (    8) =     8.05563877 [THz] =   268.70714736 [cm-1]
(   0.000000  0.000000  -0.000000  0.000000   0.000000 -0.000000 )
(  -0.510029 -0.000000  -0.000000 -0.000000  -0.000000  0.000000 )
(  -0.000000 -0.000000  -0.000000 -0.000000   0.000000  0.000000 )
(  -0.608223  0.000000  -0.000000 -0.000000  -0.000000  0.000000 )
(  -0.608223  0.000000  -0.000000  0.000000  -0.000000  0.000000 )
   freq (    9) =     9.51957458 [THz] =   317.53878257 [cm-1]
(   0.000000  0.000000  -0.000000  0.000000   0.000000 -0.000000 )
(   0.000000 -0.000000  -0.000000  0.000000   0.000000 -0.000000 )
(   0.000000 -0.000000  -0.000000 -0.000000   0.000000  0.000000 )
(   0.707107 -0.000000   0.000000 -0.000000   0.000000  0.000000 )
(  -0.707107  0.000000   0.000000 -0.000000   0.000000 -0.000000 )
   freq (   10) =     9.92573843 [THz] =   331.08694843 [cm-1]
(  -0.000000  0.000000  -0.013899 -0.000000   0.010530  0.000000 )
(  -0.000000  0.000000  -0.000000  0.000000   0.000000 -0.000000 )
(   0.000000  0.000000   0.796962  0.000000  -0.603777 -0.000000 )
(  -0.000000 -0.000000   0.000000 -0.000000   0.000000 -0.000000 )
(  -0.000000  0.000000  -0.000000  0.000000  -0.000000  0.000000 )
   freq (   11) =     9.92573843 [THz] =   331.08694843 [cm-1]
(  -0.000000  0.000000   0.010530 -0.000000   0.013899 -0.000000 )
(  -0.000000 -0.000000   0.000000 -0.000000   0.000000  0.000000 )
(   0.000000  0.000000  -0.603777 -0.000000  -0.796962 -0.000000 )
(  -0.000000  0.000000  -0.000000  0.000000  -0.000000  0.000000 )
(  -0.000000  0.000000   0.000000 -0.000000   0.000000 -0.000000 )
   freq (   12) =    12.92869767 [THz] =   431.25487223 [cm-1]
(  -0.000000  0.000000  -0.000000 -0.000000   0.000000  0.000000 )
(   0.000000 -0.000000   0.075486 -0.000000   0.061269 -0.000000 )
(   0.000000  0.000000  -0.000000  0.000000   0.000000  0.000000 )
(  -0.000000  0.000000   0.568925 -0.000000  -0.424456  0.000000 )
(   0.000000 -0.000000  -0.522947  0.000000   0.461774 -0.000000 )
   freq (   13) =    12.92869767 [THz] =   431.25487223 [cm-1]
(   0.000000  0.000000  -0.000000  0.000000   0.000000 -0.000000 )
(   0.000000 -0.000000  -0.061269 -0.000000   0.075486  0.000000 )
(   0.000000 -0.000000   0.000000  0.000000  -0.000000 -0.000000 )
(  -0.000000  0.000000  -0.461774  0.000000  -0.522947  0.000000 )
(   0.000000 -0.000000   0.424456 -0.000000   0.568925 -0.000000 )
   freq (   14) =    15.34953182 [THz] =   512.00519612 [cm-1]
(   0.000000  0.000000  -0.000000  0.000000   0.000000 -0.000000 )
(  -0.491048 -0.000000  -0.000000  0.000000  -0.000000 -0.000000 )
(   0.000000  0.000000  -0.000000 -0.000000   0.000000  0.000000 )
(   0.615984 -0.000000   0.000000  0.000000   0.000000 -0.000000 )
(   0.615984 -0.000000   0.000000 -0.000000   0.000000 -0.000000 )
   freq (   15) =    19.13001127 [THz] =   638.10839884 [cm-1]
(  -0.031739  0.000000   0.000000  0.000000  -0.000000  0.000000 )
(  -0.000000  0.000000  -0.000000 -0.000000  -0.000000  0.000000 )
(   0.999496  0.000000   0.000000  0.000000   0.000000  0.000000 )
(  -0.000000  0.000000  -0.000000  0.000000  -0.000000  0.000000 )
(  -0.000000  0.000000   0.000000 -0.000000  -0.000000  0.000000 )
***************************************************************************
