Dynamical matrix file
File generated with the CellConstructor by Lorenzo Monacelli
3 5 0     1.8897259890000000     0.0000000000000000     0.0000000000000000     0.0000000000000000     0.0000000000000000     0.0000000000000000
Basis vectors
    4.0162168494695329     0.0000000000000000     0.0000000000000001
   -0.0000000000000002     4.0162168494695285    -0.0000000000000146
   -0.0000000000000005    -0.0000000000000098     4.0162168494695232
	1  'Ba '  125165.9077335107867839
	2  'Ti '  43628.1030349454958923
	3  'O '  14582.1969301625977096
    1     1     0.0000000000000004    -0.0000000000000001    -0.0000000000000001
    2     2     2.0081084247347665     2.0081084247347594     2.0081084247347545
    3     3     0.0000000000000005     2.0081084247347594     2.0081084247347545
    4     3     2.0081084247347665    -0.0000000000000058     2.0081084247347607
    5     3     2.0081084247347669     2.0081084247347638    -0.0000000000000072

     Dynamical Matrix in cartesian axes

     q = (     0.124495269738    -0.124495269738     0.124495269738 )

    1    1
     0.1731169659825966     0.0000000000000000        0.0000000000000000     0.0000000000000000        0.0000000000000000     0.0000000000000000
     0.0000000000000000     0.0000000000000000        0.1731169659825971     0.0000000000000000        0.0000000000000011     0.0000000000000000
     0.0000000000000000     0.0000000000000000        0.0000000000000011     0.0000000000000000        0.1731169659825975     0.0000000000000000
    1    2
    -0.0000000000000000     0.0000000000000000       -0.0000000000000000     0.0000000000000000       -0.0000000000000000     0.0000000000000000
     0.0000000000000000     0.0000000000000000       -0.0000000000000000     0.0000000000000000        0.0000000000000000     0.0000000000000000
     0.0000000000000000     0.0000000000000000       -0.0000000000000000     0.0000000000000000        0.0000000000000000     0.0000000000000000
    1    3
    -0.0000000000000000     0.0000000000000000       -0.0000000000000000     0.0000000000000000       -0.0000000000000000     0.0000000000000000
     0.0000000000000000     0.0000000000000000       -0.0000000000000000     0.0000000000000000       -0.0050386527525439     0.0000000000000000
    -0.0000000000000000     0.0000000000000000       -0.0050386527525439     0.0000000000000000       -0.0000000000000000     0.0000000000000000
    1    4
    -0.0000000000000000     0.0000000000000000       -0.0000000000000000     0.0000000000000000       -0.0050386527525439     0.0000000000000000
    -0.0000000000000000     0.0000000000000000        0.0000000000000000     0.0000000000000000       -0.0000000000000000     0.0000000000000000
    -0.0050386527525439     0.0000000000000000       -0.0000000000000000     0.0000000000000000       -0.0000000000000000     0.0000000000000000
    1    5
    -0.0000000000000000     0.0000000000000000       -0.0050386527525439     0.0000000000000000       -0.0000000000000000     0.0000000000000000
    -0.0050386527525439     0.0000000000000000       -0.0000000000000000     0.0000000000000000       -0.0000000000000000     0.0000000000000000
    -0.0000000000000000     0.0000000000000000       -0.0000000000000000     0.0000000000000000       -0.0000000000000000     0.0000000000000000
    2    1
    -0.0000000000000000     0.0000000000000000        0.0000000000000000     0.0000000000000000        0.0000000000000000     0.0000000000000000
    -0.0000000000000000     0.0000000000000000       -0.0000000000000000     0.0000000000000000       -0.0000000000000000     0.0000000000000000
    -0.0000000000000000     0.0000000000000000        0.0000000000000000     0.0000000000000000        0.0000000000000000     0.0000000000000000
    2    2
     0.4816738442865947     0.0000000000000000        0.0000000000000001     0.0000000000000000        0.0000000000000001     0.0000000000000000
     0.0000000000000001     0.0000000000000000        0.4816738442865958     0.0000000000000000        0.0000000000000028     0.0000000000000000
     0.0000000000000001     0.0000000000000000        0.0000000000000028     0.0000000000000000        0.4816738442865969     0.0000000000000000
    2    3
     0.0000000000000000     0.0000000000000000       -0.0000000000000000     0.0000000000000000       -0.0000000000000000     0.0000000000000000
     0.0000000000000000     0.0000000000000000        0.0000000000000000     0.0000000000000000        0.0000000000000000     0.0000000000000000
     0.0000000000000000     0.0000000000000000        0.0000000000000000     0.0000000000000000        0.0000000000000000     0.0000000000000000
    2    4
    -0.0000000000000000     0.0000000000000000       -0.0000000000000000     0.0000000000000000       -0.0000000000000000     0.0000000000000000
    -0.0000000000000000     0.0000000000000000        0.0000000000000000     0.0000000000000000        0.0000000000000000     0.0000000000000000
     0.0000000000000000     0.0000000000000000       -0.0000000000000000     0.0000000000000000       -0.0000000000000000     0.0000000000000000
    2    5
    -0.0000000000000000     0.0000000000000000       -0.0000000000000000     0.0000000000000000       -0.0000000000000000     0.0000000000000000
    -0.0000000000000000     0.0000000000000000       -0.0000000000000000     0.0000000000000000       -0.0000000000000000     0.0000000000000000
     0.0000000000000000     0.0000000000000000        0.0000000000000000     0.0000000000000000       -0.0000000000000000     0.0000000000000000
    3    1
    -0.0000000000000000     0.0000000000000000        0.0000000000000000     0.0000000000000000       -0.0000000000000000     0.0000000000000000
    -0.0000000000000000     0.0000000000000000       -0.0000000000000000     0.0000000000000000       -0.0050386527525439     0.0000000000000000
    -0.0000000000000000     0.0000000000000000       -0.0050386527525439     0.0000000000000000       -0.0000000000000000     0.0000000000000000
    3    2
     0.0000000000000000     0.0000000000000000        0.0000000000000000     0.0000000000000000        0.0000000000000000     0.0000000000000000
    -0.0000000000000000     0.0000000000000000        0.0000000000000000     0.0000000000000000        0.0000000000000000     0.0000000000000000
    -0.0000000000000000     0.0000000000000000        0.0000000000000000     0.0000000000000000        0.0000000000000000     0.0000000000000000
    3    3
     0.3012291613360477     0.0000000000000000        0.0000000000000000     0.0000000000000000        0.0000000000000000     0.0000000000000000
     0.0000000000000000     0.0000000000000000        0.1259466040101337     0.0000000000000000        0.0000000000000008     0.0000000000000000
     0.0000000000000000     0.0000000000000000        0.0000000000000008     0.0000000000000000        0.1259466040101341     0.0000000000000000
    3    4
    -0.0000000000000000     0.0000000000000000        0.1559796945615219     0.0000000000000000        0.0000000000000004     0.0000000000000000
     0.0871595113121542     0.0000000000000000        0.0000000000000000     0.0000000000000000        0.0000000000000000     0.0000000000000000
     0.0000000000000002     0.0000000000000000        0.0000000000000000     0.0000000000000000       -0.0000000000000000     0.0000000000000000
    3    5
    -0.0000000000000000     0.0000000000000000        0.0000000000000006     0.0000000000000000        0.1559796945615227     0.0000000000000000
     0.0000000000000003     0.0000000000000000       -0.0000000000000000     0.0000000000000000        0.0000000000000000     0.0000000000000000
     0.0871595113121546     0.0000000000000000        0.0000000000000000     0.0000000000000000        0.0000000000000000     0.0000000000000000
    4    1
    -0.0000000000000000     0.0000000000000000       -0.0000000000000000     0.0000000000000000       -0.0050386527525439     0.0000000000000000
    -0.0000000000000000     0.0000000000000000        0.0000000000000000     0.0000000000000000       -0.0000000000000000     0.0000000000000000
    -0.0050386527525439     0.0000000000000000       -0.0000000000000000     0.0000000000000000       -0.0000000000000000     0.0000000000000000
    4    2
    -0.0000000000000000     0.0000000000000000       -0.0000000000000000     0.0000000000000000        0.0000000000000000     0.0000000000000000
    -0.0000000000000000     0.0000000000000000        0.0000000000000000     0.0000000000000000       -0.0000000000000000     0.0000000000000000
    -0.0000000000000000     0.0000000000000000        0.0000000000000000     0.0000000000000000       -0.0000000000000000     0.0000000000000000
    4    3
    -0.0000000000000000     0.0000000000000000        0.0871595113121542     0.0000000000000000        0.0000000000000002     0.0000000000000000
     0.1559796945615219     0.0000000000000000        0.0000000000000000     0.0000000000000000        0.0000000000000000     0.0000000000000000
     0.0000000000000004     0.0000000000000000        0.0000000000000000     0.0000000000000000       -0.0000000000000000     0.0000000000000000
    4    4
     0.1259466040101334     0.0000000000000000        0.0000000000000000     0.0000000000000000        0.0000000000000000     0.0000000000000000
     0.0000000000000000     0.0000000000000000        0.3012291613360483     0.0000000000000000        0.0000000000000012     0.0000000000000000
     0.0000000000000000     0.0000000000000000        0.0000000000000012     0.0000000000000000        0.1259466040101341     0.0000000000000000
    4    5
     0.0000000000000000     0.0000000000000000       -0.0000000000000000     0.0000000000000000       -0.0000000000000000     0.0000000000000000
    -0.0000000000000000     0.0000000000000000        0.0000000000000009     0.0000000000000000        0.1559796945615223     0.0000000000000000
    -0.0000000000000000     0.0000000000000000        0.0871595113121544     0.0000000000000000        0.0000000000000006     0.0000000000000000
    5    1
    -0.0000000000000000     0.0000000000000000       -0.0050386527525439     0.0000000000000000       -0.0000000000000000     0.0000000000000000
    -0.0050386527525439     0.0000000000000000       -0.0000000000000000     0.0000000000000000       -0.0000000000000000     0.0000000000000000
    -0.0000000000000000     0.0000000000000000       -0.0000000000000000     0.0000000000000000       -0.0000000000000000     0.0000000000000000
    5    2
    -0.0000000000000000     0.0000000000000000       -0.0000000000000000     0.0000000000000000        0.0000000000000000     0.0000000000000000
    -0.0000000000000000     0.0000000000000000       -0.0000000000000000     0.0000000000000000        0.0000000000000000     0.0000000000000000
    -0.0000000000000000     0.0000000000000000       -0.0000000000000000     0.0000000000000000       -0.0000000000000000     0.0000000000000000
    5    3
    -0.0000000000000000     0.0000000000000000        0.0000000000000003     0.0000000000000000        0.0871595113121546     0.0000000000000000
     0.0000000000000006     0.0000000000000000       -0.0000000000000000     0.0000000000000000        0.0000000000000000     0.0000000000000000
     0.1559796945615227     0.0000000000000000        0.0000000000000000     0.0000000000000000        0.0000000000000000     0.0000000000000000
    5    4
     0.0000000000000000     0.0000000000000000       -0.0000000000000000     0.0000000000000000       -0.0000000000000000     0.0000000000000000
    -0.0000000000000000     0.0000000000000000        0.0000000000000009     0.0000000000000000        0.0871595113121544     0.0000000000000000
    -0.0000000000000000     0.0000000000000000        0.1559796945615223     0.0000000000000000        0.0000000000000006     0.0000000000000000
    5    5
     0.1259466040101334     0.0000000000000000        0.0000000000000000     0.0000000000000000        0.0000000000000000     0.0000000000000000
     0.0000000000000000     0.0000000000000000        0.1259466040101337     0.0000000000000000        0.0000000000000014     0.0000000000000000
     0.0000000000000000     0.0000000000000000        0.0000000000000014     0.0000000000000000        0.3012291613360490     0.0000000000000000

     Diagonalizing the dynamical matrix

     q = (     0.124495269738    -0.124495269738     0.124495269738 )

***************************************************************************
   freq (    1) =     3.86608819 [THz] =   128.95880243 [cm-1]
(   0.997568  0.000000   0.009491  0.000000  -0.058360  0.000000 )
(  -0.000000  0.000000  -0.000000  0.000000   0.000000  0.000000 )
(  -0.000000  0.000000  -0.001524  0.000000   0.000248  0.000000 )
(  -0.001524  0.000000  -0.000000  0.000000   0.026048  0.000000 )
(   0.000248  0.000000   0.026048  0.000000  -0.000000  0.000000 )
   freq (    2) =     3.86608819 [THz] =   128.95880243 [cm-1]
(  -0.059086  0.000000   0.196586  0.000000  -0.978009  0.000000 )
(  -0.000000  0.000000  -0.000000  0.000000  -0.000000  0.000000 )
(  -0.000000  0.000000  -0.025537  0.000000   0.005133  0.000000 )
(  -0.025537  0.000000   0.000000  0.000000  -0.001543  0.000000 )
(   0.005133  0.000000  -0.001543  0.000000  -0.000000  0.000000 )
   freq (    3) =     3.86608819 [THz] =   128.95880243 [cm-1]
(  -0.002192  0.000000  -0.979746  0.000000  -0.196803  0.000000 )
(  -0.000000  0.000000  -0.000000  0.000000  -0.000000  0.000000 )
(  -0.000000  0.000000  -0.005139  0.000000  -0.025582  0.000000 )
(  -0.005139  0.000000  -0.000000  0.000000  -0.000057  0.000000 )
(  -0.025582  0.000000  -0.000057  0.000000   0.000000  0.000000 )
   freq (    4) =     5.36546553 [THz] =   178.97263981 [cm-1]
(  -0.000000  0.000000  -0.000000  0.000000   0.000000  0.000000 )
(  -0.000000  0.000000   0.000000  0.000000   0.000000  0.000000 )
(  -0.000000  0.000000  -0.291938  0.000000   0.644027  0.000000 )
(   0.291938  0.000000  -0.000000  0.000000   0.001023  0.000000 )
(  -0.644027  0.000000  -0.001023  0.000000  -0.000000  0.000000 )
   freq (    5) =     5.36546553 [THz] =   178.97263981 [cm-1]
(  -0.000000  0.000000  -0.000000  0.000000   0.000000  0.000000 )
(   0.000000  0.000000  -0.000000  0.000000  -0.000000  0.000000 )
(  -0.000000  0.000000   0.644028  0.000000   0.291938  0.000000 )
(  -0.644028  0.000000   0.000000  0.000000   0.000504  0.000000 )
(  -0.291938  0.000000  -0.000504  0.000000  -0.000000  0.000000 )
   freq (    6) =     5.36546553 [THz] =   178.97263981 [cm-1]
(  -0.000000  0.000000   0.000000  0.000000   0.000000  0.000000 )
(  -0.000000  0.000000  -0.000000  0.000000  -0.000000  0.000000 )
(   0.000000  0.000000   0.000036  0.000000   0.001140  0.000000 )
(  -0.000036  0.000000   0.000000  0.000000  -0.707106  0.000000 )
(  -0.001140  0.000000   0.707106  0.000000  -0.000000  0.000000 )
   freq (    7) =    10.38295731 [THz] =   346.33812641 [cm-1]
(  -0.000000  0.000000  -0.000000  0.000000  -0.000000  0.000000 )
(  -0.000000  0.000000   0.000000  0.000000  -0.000000  0.000000 )
(   0.785409  0.000000   0.000000  0.000000   0.000000  0.000000 )
(  -0.000000  0.000000  -0.199443  0.000000   0.000000  0.000000 )
(   0.000000  0.000000   0.000000  0.000000  -0.585966  0.000000 )
   freq (    8) =    10.38295731 [THz] =   346.33812641 [cm-1]
(   0.000000  0.000000   0.000000  0.000000   0.000000  0.000000 )
(   0.000000  0.000000   0.000000  0.000000  -0.000000  0.000000 )
(  -0.223159  0.000000  -0.000000  0.000000   0.000000  0.000000 )
(  -0.000000  0.000000   0.791763  0.000000   0.000000  0.000000 )
(   0.000000  0.000000  -0.000000  0.000000  -0.568604  0.000000 )
   freq (    9) =    10.93122016 [THz] =   364.62620410 [cm-1]
(  -0.000000  0.000000  -0.000000  0.000000  -0.000000  0.000000 )
(  -0.030410  0.000000   0.775035  0.000000  -0.631186  0.000000 )
(  -0.000000  0.000000   0.000000  0.000000  -0.000000  0.000000 )
(   0.000000  0.000000  -0.000000  0.000000  -0.000000  0.000000 )
(  -0.000000  0.000000   0.000000  0.000000   0.000000  0.000000 )
   freq (   10) =    10.93122016 [THz] =   364.62620410 [cm-1]
(  -0.000000  0.000000  -0.000000  0.000000  -0.000000  0.000000 )
(   0.999371  0.000000   0.012039  0.000000  -0.033366  0.000000 )
(   0.000000  0.000000  -0.000000  0.000000   0.000000  0.000000 )
(   0.000000  0.000000  -0.000000  0.000000  -0.000000  0.000000 )
(  -0.000000  0.000000   0.000000  0.000000  -0.000000  0.000000 )
   freq (   11) =    10.93122016 [THz] =   364.62620410 [cm-1]
(  -0.000000  0.000000   0.000000  0.000000   0.000000  0.000000 )
(   0.018261  0.000000   0.631804  0.000000   0.774913  0.000000 )
(  -0.000000  0.000000  -0.000000  0.000000  -0.000000  0.000000 )
(  -0.000000  0.000000   0.000000  0.000000  -0.000000  0.000000 )
(   0.000000  0.000000   0.000000  0.000000   0.000000  0.000000 )
   freq (   12) =    12.57746119 [THz] =   419.53888608 [cm-1]
(   0.000028  0.000000   0.002645  0.000000  -0.003393  0.000000 )
(   0.000000  0.000000  -0.000000  0.000000   0.000000  0.000000 )
(   0.000000  0.000000   0.557674  0.000000  -0.434706  0.000000 )
(   0.557674  0.000000   0.000000  0.000000  -0.004545  0.000000 )
(  -0.434706  0.000000  -0.004545  0.000000  -0.000000  0.000000 )
   freq (   13) =    12.57746119 [THz] =   419.53888608 [cm-1]
(   0.004301  0.000000  -0.000076  0.000000  -0.000024  0.000000 )
(   0.000000  0.000000   0.000000  0.000000  -0.000000  0.000000 )
(   0.000000  0.000000   0.003969  0.000000   0.012484  0.000000 )
(   0.003969  0.000000  -0.000000  0.000000  -0.706979  0.000000 )
(   0.012484  0.000000  -0.706979  0.000000  -0.000000  0.000000 )
   freq (   14) =    12.57746119 [THz] =   419.53888608 [cm-1]
(   0.000075  0.000000   0.003392  0.000000   0.002645  0.000000 )
(  -0.000000  0.000000  -0.000000  0.000000  -0.000000  0.000000 )
(   0.000000  0.000000  -0.434712  0.000000  -0.557553  0.000000 )
(  -0.434712  0.000000  -0.000000  0.000000  -0.012286  0.000000 )
(  -0.557553  0.000000  -0.012286  0.000000   0.000000  0.000000 )
   freq (   15) =    21.33343620 [THz] =   711.60673263 [cm-1]
(   0.000000  0.000000   0.000000  0.000000   0.000000  0.000000 )
(   0.000000  0.000000   0.000000  0.000000   0.000000  0.000000 )
(  -0.577350  0.000000   0.000000  0.000000  -0.000000  0.000000 )
(  -0.000000  0.000000  -0.577350  0.000000  -0.000000  0.000000 )
(  -0.000000  0.000000  -0.000000  0.000000  -0.577350  0.000000 )
***************************************************************************
