Dynamical matrix file
File generated with the CellConstructor by Lorenzo Monacelli
3 5 0     1.8897259890000000     0.0000000000000000     0.0000000000000000     0.0000000000000000     0.0000000000000000     0.0000000000000000
Basis vectors
    4.0162168494695329     0.0000000000000000     0.0000000000000001
   -0.0000000000000002     4.0162168494695285    -0.0000000000000146
   -0.0000000000000005    -0.0000000000000098     4.0162168494695232
	1  'Ba '  125165.9077335107867839
	2  'Ti '  43628.1030349454958923
	3  'O '  14582.1969301625977096
    1     1    -0.0000000000000001    -0.0000000000000000     0.0000000000000000
    2     2     2.0081084247347660     2.0081084247347594     2.0081084247347545
    3     3    -0.0000000000000003     2.0081084247347594     2.0081084247347545
    4     3     2.0081084247347660    -0.0000000000000049     2.0081084247347616
    5     3     2.0081084247347665     2.0081084247347643    -0.0000000000000073

     Dynamical Matrix in cartesian axes

     q = (     0.124495269738    -0.124495269738     0.124495269738 )

    1    1
     0.1696658281348749     0.0000000000000000       -0.0000000000000002     0.0000000000000000       -0.0000000000000002     0.0000000000000000
    -0.0000000000000002     0.0000000000000000        0.1696658281348750     0.0000000000000000        0.0000000000000004     0.0000000000000000
    -0.0000000000000002     0.0000000000000000        0.0000000000000004     0.0000000000000000        0.1696658281348756     0.0000000000000000
    1    2
     0.0000000000000000     0.0000000000000000       -0.0000000000000000     0.0000000000000000        0.0000000000000000     0.0000000000000000
     0.0000000000000000     0.0000000000000000        0.0000000000000000     0.0000000000000000        0.0000000000000000     0.0000000000000000
     0.0000000000000000     0.0000000000000000        0.0000000000000000     0.0000000000000000        0.0000000000000000     0.0000000000000000
    1    3
    -0.0000000000000000     0.0000000000000000        0.0000000000000000     0.0000000000000000       -0.0000000000000000     0.0000000000000000
     0.0000000000000000     0.0000000000000000       -0.0000000000000000     0.0000000000000000       -0.0024512398546034     0.0000000000000000
     0.0000000000000000     0.0000000000000000       -0.0024512398546034     0.0000000000000000       -0.0000000000000000     0.0000000000000000
    1    4
     0.0000000000000000     0.0000000000000000       -0.0000000000000000     0.0000000000000000       -0.0024512398546034     0.0000000000000000
    -0.0000000000000000     0.0000000000000000        0.0000000000000000     0.0000000000000000        0.0000000000000000     0.0000000000000000
    -0.0024512398546034     0.0000000000000000        0.0000000000000000     0.0000000000000000        0.0000000000000000     0.0000000000000000
    1    5
    -0.0000000000000000     0.0000000000000000       -0.0024512398546034     0.0000000000000000       -0.0000000000000000     0.0000000000000000
    -0.0024512398546034     0.0000000000000000        0.0000000000000000     0.0000000000000000        0.0000000000000000     0.0000000000000000
    -0.0000000000000000     0.0000000000000000       -0.0000000000000000     0.0000000000000000       -0.0000000000000000     0.0000000000000000
    2    1
     0.0000000000000000     0.0000000000000000        0.0000000000000000     0.0000000000000000        0.0000000000000000     0.0000000000000000
    -0.0000000000000000     0.0000000000000000        0.0000000000000000     0.0000000000000000        0.0000000000000000     0.0000000000000000
     0.0000000000000000     0.0000000000000000        0.0000000000000000     0.0000000000000000        0.0000000000000000     0.0000000000000000
    2    2
     0.5242161376902695     0.0000000000000000        0.0000000000000000     0.0000000000000000        0.0000000000000001     0.0000000000000000
     0.0000000000000000     0.0000000000000000        0.5242161376902709     0.0000000000000000        0.0000000000000032     0.0000000000000000
     0.0000000000000001     0.0000000000000000        0.0000000000000032     0.0000000000000000        0.5242161376902712     0.0000000000000000
    2    3
    -0.0000000000000000     0.0000000000000000       -0.0000000000000000     0.0000000000000000        0.0000000000000000     0.0000000000000000
     0.0000000000000000     0.0000000000000000        0.0000000000000000     0.0000000000000000        0.0000000000000000     0.0000000000000000
     0.0000000000000000     0.0000000000000000       -0.0000000000000000     0.0000000000000000        0.0000000000000000     0.0000000000000000
    2    4
    -0.0000000000000000     0.0000000000000000       -0.0000000000000000     0.0000000000000000       -0.0000000000000000     0.0000000000000000
     0.0000000000000000     0.0000000000000000        0.0000000000000000     0.0000000000000000       -0.0000000000000000     0.0000000000000000
     0.0000000000000000     0.0000000000000000        0.0000000000000000     0.0000000000000000       -0.0000000000000000     0.0000000000000000
    2    5
    -0.0000000000000000     0.0000000000000000       -0.0000000000000000     0.0000000000000000        0.0000000000000000     0.0000000000000000
    -0.0000000000000000     0.0000000000000000       -0.0000000000000000     0.0000000000000000        0.0000000000000000     0.0000000000000000
     0.0000000000000000     0.0000000000000000       -0.0000000000000000     0.0000000000000000       -0.0000000000000000     0.0000000000000000
    3    1
    -0.0000000000000000     0.0000000000000000        0.0000000000000000     0.0000000000000000        0.0000000000000000     0.0000000000000000
     0.0000000000000000     0.0000000000000000       -0.0000000000000000     0.0000000000000000       -0.0024512398546034     0.0000000000000000
    -0.0000000000000000     0.0000000000000000       -0.0024512398546034     0.0000000000000000       -0.0000000000000000     0.0000000000000000
    3    2
    -0.0000000000000000     0.0000000000000000        0.0000000000000000     0.0000000000000000        0.0000000000000000     0.0000000000000000
    -0.0000000000000000     0.0000000000000000        0.0000000000000000     0.0000000000000000       -0.0000000000000000     0.0000000000000000
    -0.0000000000000000     0.0000000000000000        0.0000000000000000     0.0000000000000000       -0.0000000000000000     0.0000000000000000
    3    3
     0.3016361779798780     0.0000000000000000        0.0000000000000000     0.0000000000000000        0.0000000000000000     0.0000000000000000
     0.0000000000000000     0.0000000000000000        0.1266807349861581     0.0000000000000000        0.0000000000000008     0.0000000000000000
     0.0000000000000000     0.0000000000000000        0.0000000000000008     0.0000000000000000        0.1266807349861577     0.0000000000000000
    3    4
    -0.0000000000000000     0.0000000000000000        0.1673309221521313     0.0000000000000000        0.0000000000000004     0.0000000000000000
     0.0871847329230707     0.0000000000000000        0.0000000000000000     0.0000000000000000        0.0000000000000000     0.0000000000000000
     0.0000000000000002     0.0000000000000000        0.0000000000000000     0.0000000000000000        0.0000000000000000     0.0000000000000000
    3    5
     0.0000000000000000     0.0000000000000000        0.0000000000000006     0.0000000000000000        0.1673309221521311     0.0000000000000000
     0.0000000000000003     0.0000000000000000        0.0000000000000000     0.0000000000000000        0.0000000000000000     0.0000000000000000
     0.0871847329230706     0.0000000000000000       -0.0000000000000001     0.0000000000000000        0.0000000000000000     0.0000000000000000
    4    1
     0.0000000000000000     0.0000000000000000       -0.0000000000000000     0.0000000000000000       -0.0024512398546034     0.0000000000000000
    -0.0000000000000000     0.0000000000000000        0.0000000000000000     0.0000000000000000        0.0000000000000000     0.0000000000000000
    -0.0024512398546034     0.0000000000000000        0.0000000000000000     0.0000000000000000       -0.0000000000000000     0.0000000000000000
    4    2
     0.0000000000000000     0.0000000000000000        0.0000000000000000     0.0000000000000000       -0.0000000000000000     0.0000000000000000
     0.0000000000000000     0.0000000000000000        0.0000000000000000     0.0000000000000000        0.0000000000000000     0.0000000000000000
    -0.0000000000000000     0.0000000000000000        0.0000000000000000     0.0000000000000000       -0.0000000000000000     0.0000000000000000
    4    3
    -0.0000000000000000     0.0000000000000000        0.0871847329230707     0.0000000000000000        0.0000000000000002     0.0000000000000000
     0.1673309221521313     0.0000000000000000        0.0000000000000000     0.0000000000000000        0.0000000000000000     0.0000000000000000
     0.0000000000000004     0.0000000000000000        0.0000000000000000     0.0000000000000000        0.0000000000000000     0.0000000000000000
    4    4
     0.1266807349861579     0.0000000000000000       -0.0000000000000000     0.0000000000000000        0.0000000000000000     0.0000000000000000
    -0.0000000000000000     0.0000000000000000        0.3016361779798786     0.0000000000000000        0.0000000000000012     0.0000000000000000
     0.0000000000000000     0.0000000000000000        0.0000000000000012     0.0000000000000000        0.1266807349861577     0.0000000000000000
    4    5
    -0.0000000000000000     0.0000000000000000       -0.0000000000000000     0.0000000000000000       -0.0000000000000000     0.0000000000000000
     0.0000000000000000     0.0000000000000000        0.0000000000000009     0.0000000000000000        0.1673309221521313     0.0000000000000000
     0.0000000000000001     0.0000000000000000        0.0871847329230707     0.0000000000000000        0.0000000000000006     0.0000000000000000
    5    1
    -0.0000000000000000     0.0000000000000000       -0.0024512398546034     0.0000000000000000       -0.0000000000000000     0.0000000000000000
    -0.0024512398546034     0.0000000000000000        0.0000000000000000     0.0000000000000000       -0.0000000000000000     0.0000000000000000
    -0.0000000000000000     0.0000000000000000        0.0000000000000000     0.0000000000000000       -0.0000000000000000     0.0000000000000000
    5    2
     0.0000000000000000     0.0000000000000000        0.0000000000000000     0.0000000000000000       -0.0000000000000000     0.0000000000000000
    -0.0000000000000000     0.0000000000000000       -0.0000000000000000     0.0000000000000000       -0.0000000000000000     0.0000000000000000
    -0.0000000000000000     0.0000000000000000        0.0000000000000000     0.0000000000000000        0.0000000000000000     0.0000000000000000
    5    3
     0.0000000000000000     0.0000000000000000        0.0000000000000003     0.0000000000000000        0.0871847329230706     0.0000000000000000
     0.0000000000000006     0.0000000000000000       -0.0000000000000000     0.0000000000000000       -0.0000000000000001     0.0000000000000000
     0.1673309221521311     0.0000000000000000        0.0000000000000000     0.0000000000000000        0.0000000000000000     0.0000000000000000
    5    4
    -0.0000000000000000     0.0000000000000000        0.0000000000000000     0.0000000000000000        0.0000000000000001     0.0000000000000000
    -0.0000000000000000     0.0000000000000000        0.0000000000000009     0.0000000000000000        0.0871847329230707     0.0000000000000000
    -0.0000000000000000     0.0000000000000000        0.1673309221521313     0.0000000000000000        0.0000000000000006     0.0000000000000000
    5    5
     0.1266807349861574     0.0000000000000000        0.0000000000000000     0.0000000000000000        0.0000000000000000     0.0000000000000000
     0.0000000000000000     0.0000000000000000        0.1266807349861577     0.0000000000000000        0.0000000000000014     0.0000000000000000
     0.0000000000000000     0.0000000000000000        0.0000000000000014     0.0000000000000000        0.3016361779798793     0.0000000000000000

     Diagonalizing the dynamical matrix

     q = (     0.124495269738    -0.124495269738     0.124495269738 )

***************************************************************************
   freq (    1) =     3.82957155 [THz] =   127.74073859 [cm-1]
(   0.967926  0.000000   0.115154  0.000000   0.222578  0.000000 )
(   0.000000  0.000000   0.000000  0.000000  -0.000000  0.000000 )
(  -0.000000  0.000000   0.002811  0.000000   0.001454  0.000000 )
(   0.002811  0.000000   0.000000  0.000000   0.012223  0.000000 )
(   0.001454  0.000000   0.012223  0.000000  -0.000000  0.000000 )
   freq (    2) =     3.82957155 [THz] =   127.74073859 [cm-1]
(  -0.234682  0.000000   0.105055  0.000000   0.966214  0.000000 )
(   0.000000  0.000000  -0.000000  0.000000  -0.000000  0.000000 )
(  -0.000000  0.000000   0.012202  0.000000   0.001327  0.000000 )
(   0.012202  0.000000   0.000000  0.000000  -0.002964  0.000000 )
(   0.001327  0.000000  -0.002964  0.000000   0.000000  0.000000 )
   freq (    3) =     3.82957155 [THz] =   127.74073859 [cm-1]
(   0.087894  0.000000  -0.987615  0.000000   0.128731  0.000000 )
(  -0.000000  0.000000   0.000000  0.000000  -0.000000  0.000000 )
(   0.000000  0.000000   0.001626  0.000000  -0.012472  0.000000 )
(   0.001626  0.000000  -0.000000  0.000000   0.001110  0.000000 )
(  -0.012472  0.000000   0.001110  0.000000   0.000000  0.000000 )
   freq (    4) =     5.41427566 [THz] =   180.60077028 [cm-1]
(   0.000000  0.000000   0.000000  0.000000  -0.000000  0.000000 )
(   0.000000  0.000000   0.000000  0.000000  -0.000000  0.000000 )
(   0.000000  0.000000   0.172072  0.000000  -0.679663  0.000000 )
(  -0.172072  0.000000   0.000000  0.000000  -0.091924  0.000000 )
(   0.679663  0.000000   0.091924  0.000000  -0.000000  0.000000 )
   freq (    5) =     5.41427566 [THz] =   180.60077028 [cm-1]
(  -0.000000  0.000000  -0.000000  0.000000   0.000000  0.000000 )
(   0.000000  0.000000  -0.000000  0.000000   0.000000  0.000000 )
(  -0.000000  0.000000   0.040038  0.000000  -0.084657  0.000000 )
(  -0.040038  0.000000  -0.000000  0.000000   0.700878  0.000000 )
(   0.084657  0.000000  -0.700878  0.000000   0.000000  0.000000 )
   freq (    6) =     5.41427566 [THz] =   180.60077028 [cm-1]
(  -0.000000  0.000000   0.000000  0.000000  -0.000000  0.000000 )
(  -0.000000  0.000000   0.000000  0.000000   0.000000  0.000000 )
(  -0.000000  0.000000   0.684681  0.000000   0.175761  0.000000 )
(  -0.684681  0.000000   0.000000  0.000000  -0.017883  0.000000 )
(  -0.175761  0.000000   0.017883  0.000000  -0.000000  0.000000 )
   freq (    7) =     9.98413165 [THz] =   333.03473650 [cm-1]
(  -0.000000  0.000000   0.000000  0.000000   0.000000  0.000000 )
(   0.000000  0.000000  -0.000000  0.000000   0.000000  0.000000 )
(   0.700281  0.000000   0.000000  0.000000   0.000000  0.000000 )
(  -0.000000  0.000000  -0.713741  0.000000   0.000000  0.000000 )
(   0.000000  0.000000   0.000000  0.000000   0.013460  0.000000 )
   freq (    8) =     9.98413165 [THz] =   333.03473650 [cm-1]
(   0.000000  0.000000  -0.000000  0.000000   0.000000  0.000000 )
(  -0.000000  0.000000   0.000000  0.000000  -0.000000  0.000000 )
(  -0.419849  0.000000  -0.000000  0.000000   0.000000  0.000000 )
(  -0.000000  0.000000  -0.396536  0.000000  -0.000000  0.000000 )
(   0.000000  0.000000   0.000000  0.000000   0.816386  0.000000 )
   freq (    9) =    11.40373988 [THz] =   380.38776311 [cm-1]
(   0.000000  0.000000  -0.000000  0.000000   0.000000  0.000000 )
(  -0.033645  0.000000  -0.699579  0.000000   0.713763  0.000000 )
(  -0.000000  0.000000   0.000000  0.000000   0.000000  0.000000 )
(   0.000000  0.000000   0.000000  0.000000   0.000000  0.000000 )
(   0.000000  0.000000  -0.000000  0.000000   0.000000  0.000000 )
   freq (   10) =    11.40373988 [THz] =   380.38776311 [cm-1]
(  -0.000000  0.000000   0.000000  0.000000   0.000000  0.000000 )
(  -0.999353  0.000000   0.014490  0.000000  -0.032906  0.000000 )
(   0.000000  0.000000   0.000000  0.000000  -0.000000  0.000000 )
(   0.000000  0.000000   0.000000  0.000000   0.000000  0.000000 )
(  -0.000000  0.000000  -0.000000  0.000000  -0.000000  0.000000 )
   freq (   11) =    11.40373988 [THz] =   380.38776311 [cm-1]
(  -0.000000  0.000000  -0.000000  0.000000   0.000000  0.000000 )
(  -0.012678  0.000000   0.714409  0.000000   0.699614  0.000000 )
(   0.000000  0.000000  -0.000000  0.000000  -0.000000  0.000000 )
(  -0.000000  0.000000   0.000000  0.000000  -0.000000  0.000000 )
(   0.000000  0.000000   0.000000  0.000000  -0.000000  0.000000 )
   freq (   12) =    12.59915594 [THz] =   420.26254508 [cm-1]
(  -0.000006  0.000000  -0.001761  0.000000   0.001108  0.000000 )
(   0.000000  0.000000  -0.000000  0.000000  -0.000000  0.000000 )
(  -0.000000  0.000000  -0.376499  0.000000   0.598533  0.000000 )
(  -0.376499  0.000000   0.000000  0.000000   0.002019  0.000000 )
(   0.598533  0.000000   0.002019  0.000000  -0.000000  0.000000 )
   freq (   13) =    12.59915594 [THz] =   420.26254508 [cm-1]
(  -0.002080  0.000000   0.000020  0.000000   0.000021  0.000000 )
(  -0.000000  0.000000  -0.000000  0.000000  -0.000000  0.000000 )
(  -0.000000  0.000000  -0.007004  0.000000  -0.006791  0.000000 )
(  -0.007004  0.000000   0.000000  0.000000   0.707038  0.000000 )
(  -0.006791  0.000000   0.707038  0.000000  -0.000000  0.000000 )
   freq (   14) =    12.59915594 [THz] =   420.26254508 [cm-1]
(   0.000028  0.000000   0.001108  0.000000   0.001761  0.000000 )
(  -0.000000  0.000000  -0.000000  0.000000   0.000000  0.000000 )
(   0.000000  0.000000  -0.598496  0.000000  -0.376443  0.000000 )
(  -0.598496  0.000000   0.000000  0.000000  -0.009544  0.000000 )
(  -0.376443  0.000000  -0.009544  0.000000   0.000000  0.000000 )
   freq (   15) =    21.73171904 [THz] =   724.89201616 [cm-1]
(   0.000000  0.000000   0.000000  0.000000   0.000000  0.000000 )
(   0.000000  0.000000  -0.000000  0.000000   0.000000  0.000000 )
(  -0.577350  0.000000  -0.000000  0.000000  -0.000000  0.000000 )
(   0.000000  0.000000  -0.577350  0.000000  -0.000000  0.000000 )
(  -0.000000  0.000000  -0.000000  0.000000  -0.577350  0.000000 )
***************************************************************************
