Dynamical matrix file
File generated with the CellConstructor by Lorenzo Monacelli
3 5 0     1.8897259890000000     0.0000000000000000     0.0000000000000000     0.0000000000000000     0.0000000000000000     0.0000000000000000
Basis vectors
    4.0162168494695329     0.0000000000000000     0.0000000000000001
   -0.0000000000000002     4.0162168494695285    -0.0000000000000146
   -0.0000000000000005    -0.0000000000000098     4.0162168494695232
	1  'Ba '  125165.9077335107867839
	2  'Ti '  43628.1030349454958923
	3  'O '  14582.1969301625977096
    1     1     0.0000000000000005    -0.0000000000000001     0.0000000000000001
    2     2     2.0081084247347665     2.0081084247347594     2.0081084247347545
    3     3     0.0000000000000003     2.0081084247347594     2.0081084247347545
    4     3     2.0081084247347665    -0.0000000000000055     2.0081084247347607
    5     3     2.0081084247347669     2.0081084247347638    -0.0000000000000073

     Dynamical Matrix in cartesian axes

     q = (     0.000000000000     0.000000000000     0.000000000000 )

    1    1
     0.1278328143218881     0.0000000000000000        0.0000000000000000     0.0000000000000000        0.0000000000000000     0.0000000000000000
     0.0000000000000000     0.0000000000000000        0.1278328143218884     0.0000000000000000        0.0000000000000008     0.0000000000000000
     0.0000000000000000     0.0000000000000000        0.0000000000000008     0.0000000000000000        0.1278328143218887     0.0000000000000000
    1    2
    -0.0680502940446057     0.0000000000000000       -0.0000000000000000     0.0000000000000000       -0.0000000000000000     0.0000000000000000
    -0.0000000000000000     0.0000000000000000       -0.0680502940446059     0.0000000000000000       -0.0000000000000004     0.0000000000000000
    -0.0000000000000000     0.0000000000000000       -0.0000000000000004     0.0000000000000000       -0.0680502940446060     0.0000000000000000
    1    3
    -0.0208408449727238     0.0000000000000000       -0.0000000000000000     0.0000000000000000       -0.0000000000000000     0.0000000000000000
    -0.0000000000000000     0.0000000000000000       -0.0194708376522793     0.0000000000000000       -0.0000000000000001     0.0000000000000000
    -0.0000000000000000     0.0000000000000000       -0.0000000000000001     0.0000000000000000       -0.0194708376522793     0.0000000000000000
    1    4
    -0.0194708376522792     0.0000000000000000       -0.0000000000000000     0.0000000000000000       -0.0000000000000000     0.0000000000000000
    -0.0000000000000000     0.0000000000000000       -0.0208408449727239     0.0000000000000000       -0.0000000000000001     0.0000000000000000
    -0.0000000000000000     0.0000000000000000       -0.0000000000000001     0.0000000000000000       -0.0194708376522793     0.0000000000000000
    1    5
    -0.0194708376522792     0.0000000000000000       -0.0000000000000000     0.0000000000000000       -0.0000000000000000     0.0000000000000000
    -0.0000000000000000     0.0000000000000000       -0.0194708376522793     0.0000000000000000       -0.0000000000000001     0.0000000000000000
    -0.0000000000000000     0.0000000000000000       -0.0000000000000001     0.0000000000000000       -0.0208408449727239     0.0000000000000000
    2    1
    -0.0680502940446057     0.0000000000000000       -0.0000000000000000     0.0000000000000000       -0.0000000000000000     0.0000000000000000
    -0.0000000000000000     0.0000000000000000       -0.0680502940446059     0.0000000000000000       -0.0000000000000004     0.0000000000000000
    -0.0000000000000000     0.0000000000000000       -0.0000000000000004     0.0000000000000000       -0.0680502940446060     0.0000000000000000
    2    2
     0.0659912075950771     0.0000000000000000        0.0000000000000000     0.0000000000000000        0.0000000000000000     0.0000000000000000
     0.0000000000000000     0.0000000000000000        0.0659912075950772     0.0000000000000000        0.0000000000000004     0.0000000000000000
     0.0000000000000000     0.0000000000000000        0.0000000000000004     0.0000000000000000        0.0659912075950774     0.0000000000000000
    2    3
     0.0464032964523982     0.0000000000000000        0.0000000000000000     0.0000000000000000        0.0000000000000000     0.0000000000000000
     0.0000000000000000     0.0000000000000000       -0.0221721050014349     0.0000000000000000       -0.0000000000000001     0.0000000000000000
     0.0000000000000000     0.0000000000000000       -0.0000000000000001     0.0000000000000000       -0.0221721050014349     0.0000000000000000
    2    4
    -0.0221721050014348     0.0000000000000000       -0.0000000000000000     0.0000000000000000       -0.0000000000000000     0.0000000000000000
    -0.0000000000000000     0.0000000000000000        0.0464032964523983     0.0000000000000000        0.0000000000000000     0.0000000000000000
    -0.0000000000000000     0.0000000000000000        0.0000000000000000     0.0000000000000000       -0.0221721050014349     0.0000000000000000
    2    5
    -0.0221721050014348     0.0000000000000000       -0.0000000000000000     0.0000000000000000       -0.0000000000000000     0.0000000000000000
    -0.0000000000000000     0.0000000000000000       -0.0221721050014349     0.0000000000000000        0.0000000000000001     0.0000000000000000
    -0.0000000000000000     0.0000000000000000        0.0000000000000001     0.0000000000000000        0.0464032964523984     0.0000000000000000
    3    1
    -0.0208408449727238     0.0000000000000000       -0.0000000000000000     0.0000000000000000       -0.0000000000000000     0.0000000000000000
    -0.0000000000000000     0.0000000000000000       -0.0194708376522793     0.0000000000000000       -0.0000000000000001     0.0000000000000000
    -0.0000000000000000     0.0000000000000000       -0.0000000000000001     0.0000000000000000       -0.0194708376522793     0.0000000000000000
    3    2
     0.0464032964523982     0.0000000000000000        0.0000000000000000     0.0000000000000000        0.0000000000000000     0.0000000000000000
     0.0000000000000000     0.0000000000000000       -0.0221721050014349     0.0000000000000000       -0.0000000000000001     0.0000000000000000
     0.0000000000000000     0.0000000000000000       -0.0000000000000001     0.0000000000000000       -0.0221721050014349     0.0000000000000000
    3    3
     0.1444215167241677     0.0000000000000000        0.0000000000000000     0.0000000000000000        0.0000000000000000     0.0000000000000000
     0.0000000000000000     0.0000000000000000        0.1127163377742055     0.0000000000000000        0.0000000000000007     0.0000000000000000
     0.0000000000000000     0.0000000000000000        0.0000000000000007     0.0000000000000000        0.1127163377742058     0.0000000000000000
    3    4
    -0.0849919841019209     0.0000000000000000       -0.0000000000000000     0.0000000000000000       -0.0000000000000000     0.0000000000000000
    -0.0000000000000000     0.0000000000000000       -0.0849919841019211     0.0000000000000000       -0.0000000000000002     0.0000000000000000
    -0.0000000000000000     0.0000000000000000       -0.0000000000000002     0.0000000000000000        0.0139185889814298     0.0000000000000000
    3    5
    -0.0849919841019209     0.0000000000000000       -0.0000000000000000     0.0000000000000000       -0.0000000000000000     0.0000000000000000
    -0.0000000000000000     0.0000000000000000        0.0139185889814298     0.0000000000000000       -0.0000000000000003     0.0000000000000000
    -0.0000000000000000     0.0000000000000000       -0.0000000000000003     0.0000000000000000       -0.0849919841019213     0.0000000000000000
    4    1
    -0.0194708376522792     0.0000000000000000       -0.0000000000000000     0.0000000000000000       -0.0000000000000000     0.0000000000000000
    -0.0000000000000000     0.0000000000000000       -0.0208408449727239     0.0000000000000000       -0.0000000000000001     0.0000000000000000
    -0.0000000000000000     0.0000000000000000       -0.0000000000000001     0.0000000000000000       -0.0194708376522793     0.0000000000000000
    4    2
    -0.0221721050014348     0.0000000000000000       -0.0000000000000000     0.0000000000000000       -0.0000000000000000     0.0000000000000000
    -0.0000000000000000     0.0000000000000000        0.0464032964523983     0.0000000000000000        0.0000000000000000     0.0000000000000000
    -0.0000000000000000     0.0000000000000000        0.0000000000000000     0.0000000000000000       -0.0221721050014349     0.0000000000000000
    4    3
    -0.0849919841019209     0.0000000000000000       -0.0000000000000000     0.0000000000000000       -0.0000000000000000     0.0000000000000000
    -0.0000000000000000     0.0000000000000000       -0.0849919841019211     0.0000000000000000       -0.0000000000000002     0.0000000000000000
    -0.0000000000000000     0.0000000000000000       -0.0000000000000002     0.0000000000000000        0.0139185889814298     0.0000000000000000
    4    4
     0.1127163377742053     0.0000000000000000        0.0000000000000000     0.0000000000000000        0.0000000000000000     0.0000000000000000
     0.0000000000000000     0.0000000000000000        0.1444215167241680     0.0000000000000000        0.0000000000000008     0.0000000000000000
     0.0000000000000000     0.0000000000000000        0.0000000000000008     0.0000000000000000        0.1127163377742058     0.0000000000000000
    4    5
     0.0139185889814297     0.0000000000000000        0.0000000000000000     0.0000000000000000        0.0000000000000000     0.0000000000000000
     0.0000000000000000     0.0000000000000000       -0.0849919841019211     0.0000000000000000       -0.0000000000000005     0.0000000000000000
     0.0000000000000000     0.0000000000000000       -0.0000000000000005     0.0000000000000000       -0.0849919841019213     0.0000000000000000
    5    1
    -0.0194708376522792     0.0000000000000000       -0.0000000000000000     0.0000000000000000       -0.0000000000000000     0.0000000000000000
    -0.0000000000000000     0.0000000000000000       -0.0194708376522793     0.0000000000000000       -0.0000000000000001     0.0000000000000000
    -0.0000000000000000     0.0000000000000000       -0.0000000000000001     0.0000000000000000       -0.0208408449727239     0.0000000000000000
    5    2
    -0.0221721050014348     0.0000000000000000       -0.0000000000000000     0.0000000000000000       -0.0000000000000000     0.0000000000000000
    -0.0000000000000000     0.0000000000000000       -0.0221721050014349     0.0000000000000000        0.0000000000000001     0.0000000000000000
    -0.0000000000000000     0.0000000000000000        0.0000000000000001     0.0000000000000000        0.0464032964523984     0.0000000000000000
    5    3
    -0.0849919841019209     0.0000000000000000       -0.0000000000000000     0.0000000000000000       -0.0000000000000000     0.0000000000000000
    -0.0000000000000000     0.0000000000000000        0.0139185889814298     0.0000000000000000       -0.0000000000000003     0.0000000000000000
    -0.0000000000000000     0.0000000000000000       -0.0000000000000003     0.0000000000000000       -0.0849919841019213     0.0000000000000000
    5    4
     0.0139185889814297     0.0000000000000000        0.0000000000000000     0.0000000000000000        0.0000000000000000     0.0000000000000000
     0.0000000000000000     0.0000000000000000       -0.0849919841019211     0.0000000000000000       -0.0000000000000005     0.0000000000000000
     0.0000000000000000     0.0000000000000000       -0.0000000000000005     0.0000000000000000       -0.0849919841019213     0.0000000000000000
    5    5
     0.1127163377742053     0.0000000000000000        0.0000000000000000     0.0000000000000000        0.0000000000000000     0.0000000000000000
     0.0000000000000000     0.0000000000000000        0.1127163377742055     0.0000000000000000        0.0000000000000008     0.0000000000000000
     0.0000000000000000     0.0000000000000000        0.0000000000000008     0.0000000000000000        0.1444215167241684     0.0000000000000000

     Diagonalizing the dynamical matrix

     q = (     0.000000000000     0.000000000000     0.000000000000 )

***************************************************************************
   freq (    1) =     0.00000012 [THz] =     0.00000417 [cm-1]
(   0.445938  0.000000   0.026730  0.000000  -0.020604  0.000000 )
(   0.445938  0.000000   0.026730  0.000000  -0.020604  0.000000 )
(   0.445938  0.000000   0.026730  0.000000  -0.020604  0.000000 )
(   0.445938  0.000000   0.026730  0.000000  -0.020604  0.000000 )
(   0.445938  0.000000   0.026730  0.000000  -0.020604  0.000000 )
   freq (    2) =     0.00000021 [THz] =     0.00000714 [cm-1]
(   0.033744  0.000000  -0.357798  0.000000   0.266162  0.000000 )
(   0.033744  0.000000  -0.357798  0.000000   0.266162  0.000000 )
(   0.033744  0.000000  -0.357798  0.000000   0.266162  0.000000 )
(   0.033744  0.000000  -0.357798  0.000000   0.266162  0.000000 )
(   0.033744  0.000000  -0.357798  0.000000   0.266162  0.000000 )
   freq (    3) =     0.00000032 [THz] =     0.00001066 [cm-1]
(  -0.000576  0.000000  -0.266958  0.000000  -0.358794  0.000000 )
(  -0.000576  0.000000  -0.266958  0.000000  -0.358794  0.000000 )
(  -0.000576  0.000000  -0.266958  0.000000  -0.358794  0.000000 )
(  -0.000576  0.000000  -0.266958  0.000000  -0.358794  0.000000 )
(  -0.000576  0.000000  -0.266958  0.000000  -0.358794  0.000000 )
   freq (    4) =     2.89793993 [THz] =    96.66485709 [cm-1]
(   0.000665  0.000000  -0.014649  0.000000   0.009748  0.000000 )
(   0.017005  0.000000  -0.374765  0.000000   0.249373  0.000000 )
(  -0.025604  0.000000   0.341354  0.000000  -0.227141  0.000000 )
(  -0.015489  0.000000   0.564282  0.000000  -0.227141  0.000000 )
(  -0.015489  0.000000   0.341354  0.000000  -0.375480  0.000000 )
   freq (    5) =     2.89793993 [THz] =    96.66485709 [cm-1]
(   0.017593  0.000000   0.000395  0.000000  -0.000606  0.000000 )
(   0.450092  0.000000   0.010111  0.000000  -0.015497  0.000000 )
(  -0.677701  0.000000  -0.009209  0.000000   0.014116  0.000000 )
(  -0.409965  0.000000  -0.015224  0.000000   0.014116  0.000000 )
(  -0.409965  0.000000  -0.009209  0.000000   0.023334  0.000000 )
   freq (    6) =     2.89793993 [THz] =    96.66485709 [cm-1]
(   0.000285  0.000000   0.009762  0.000000   0.014651  0.000000 )
(   0.007296  0.000000   0.249748  0.000000   0.374831  0.000000 )
(  -0.010985  0.000000  -0.227482  0.000000  -0.341413  0.000000 )
(  -0.006645  0.000000  -0.376044  0.000000  -0.341413  0.000000 )
(  -0.006645  0.000000  -0.227482  0.000000  -0.564381  0.000000 )
   freq (    7) =     5.19335462 [THz] =   173.23163858 [cm-1]
(   0.000414  0.000000  -0.256021  0.000000   0.226131  0.000000 )
(  -0.000644  0.000000   0.398368  0.000000  -0.351860  0.000000 )
(  -0.000516  0.000000   0.343178  0.000000  -0.303113  0.000000 )
(  -0.000554  0.000000   0.319324  0.000000  -0.303113  0.000000 )
(  -0.000554  0.000000   0.343178  0.000000  -0.282044  0.000000 )
   freq (    8) =     5.19335462 [THz] =   173.23163858 [cm-1]
(   0.341578  0.000000  -0.001326  0.000000  -0.002127  0.000000 )
(  -0.531496  0.000000   0.002064  0.000000   0.003309  0.000000 )
(  -0.426037  0.000000   0.001778  0.000000   0.002851  0.000000 )
(  -0.457862  0.000000   0.001654  0.000000   0.002851  0.000000 )
(  -0.457862  0.000000   0.001778  0.000000   0.002652  0.000000 )
   freq (    9) =     5.19335462 [THz] =   173.23163858 [cm-1]
(  -0.002472  0.000000  -0.226128  0.000000  -0.256012  0.000000 )
(   0.003846  0.000000   0.351855  0.000000   0.398355  0.000000 )
(   0.003083  0.000000   0.303109  0.000000   0.343166  0.000000 )
(   0.003314  0.000000   0.282040  0.000000   0.343166  0.000000 )
(   0.003314  0.000000   0.303109  0.000000   0.319313  0.000000 )
   freq (   10) =     8.56322429 [THz] =   285.63837537 [cm-1]
(   0.000000  0.000000  -0.000000  0.000000  -0.000000  0.000000 )
(  -0.000000  0.000000   0.000000  0.000000   0.000000  0.000000 )
(  -0.000000  0.000000  -0.015708  0.000000  -0.030369  0.000000 )
(  -0.706280  0.000000   0.000000  0.000000   0.030369  0.000000 )
(   0.706280  0.000000   0.015708  0.000000   0.000000  0.000000 )
   freq (   11) =     8.56322429 [THz] =   285.63837537 [cm-1]
(  -0.000000  0.000000  -0.000000  0.000000  -0.000000  0.000000 )
(   0.000000  0.000000  -0.000000  0.000000   0.000000  0.000000 )
(   0.000000  0.000000   0.590111  0.000000  -0.389558  0.000000 )
(   0.003627  0.000000  -0.000000  0.000000   0.389558  0.000000 )
(  -0.003627  0.000000  -0.590111  0.000000   0.000000  0.000000 )
   freq (   12) =     8.56322429 [THz] =   285.63837537 [cm-1]
(  -0.000000  0.000000   0.000000  0.000000  -0.000000  0.000000 )
(   0.000000  0.000000  -0.000000  0.000000  -0.000000  0.000000 )
(   0.000000  0.000000  -0.389258  0.000000  -0.589340  0.000000 )
(   0.033998  0.000000  -0.000000  0.000000   0.589340  0.000000 )
(  -0.033998  0.000000   0.389258  0.000000  -0.000000  0.000000 )
   freq (   13) =    13.90095946 [THz] =   463.68603004 [cm-1]
(  -0.000907  0.000000  -0.000049  0.000000  -0.000033  0.000000 )
(   0.077346  0.000000   0.004160  0.000000   0.002783  0.000000 )
(   0.730930  0.000000  -0.025672  0.000000  -0.017176  0.000000 )
(  -0.477277  0.000000   0.039316  0.000000  -0.017176  0.000000 )
(  -0.477277  0.000000  -0.025672  0.000000   0.026304  0.000000 )
   freq (   14) =    13.90095946 [THz] =   463.68603004 [cm-1]
(  -0.000059  0.000000   0.000788  0.000000   0.000449  0.000000 )
(   0.004993  0.000000  -0.067209  0.000000  -0.038281  0.000000 )
(   0.047182  0.000000   0.414727  0.000000   0.236221  0.000000 )
(  -0.030809  0.000000  -0.635136  0.000000   0.236221  0.000000 )
(  -0.030809  0.000000   0.414727  0.000000  -0.361762  0.000000 )
   freq (   15) =    13.90095946 [THz] =   463.68603004 [cm-1]
(   0.000004  0.000000   0.000450  0.000000  -0.000789  0.000000 )
(  -0.000359  0.000000  -0.038380  0.000000   0.067337  0.000000 )
(  -0.003391  0.000000   0.236834  0.000000  -0.415515  0.000000 )
(   0.002214  0.000000  -0.362702  0.000000  -0.415515  0.000000 )
(   0.002214  0.000000   0.236834  0.000000   0.636343  0.000000 )
***************************************************************************
