Dynamical matrix file
File generated with the CellConstructor by Lorenzo Monacelli
3 5 0     1.8897259890000000     0.0000000000000000     0.0000000000000000     0.0000000000000000     0.0000000000000000     0.0000000000000000
Basis vectors
    4.0162168494695329     0.0000000000000000     0.0000000000000001
   -0.0000000000000002     4.0162168494695285    -0.0000000000000146
   -0.0000000000000005    -0.0000000000000098     4.0162168494695232
	1  'Ba '  125165.9077335107867839
	2  'Ti '  43628.1030349454958923
	3  'O '  14582.1969301625977096
    1     1     0.0000000000000002    -0.0000000000000001     0.0000000000000000
    2     2     2.0081084247347665     2.0081084247347594     2.0081084247347545
    3     3     0.0000000000000002     2.0081084247347594     2.0081084247347545
    4     3     2.0081084247347665    -0.0000000000000058     2.0081084247347611
    5     3     2.0081084247347669     2.0081084247347643    -0.0000000000000075

     Dynamical Matrix in cartesian axes

     q = (     0.000000000000     0.000000000000     0.000000000000 )

    1    1
     0.1269497724840955     0.0000000000000000        0.0000000000000000     0.0000000000000000        0.0000000000000000     0.0000000000000000
     0.0000000000000000     0.0000000000000000        0.1269497724840957     0.0000000000000000        0.0000000000000008     0.0000000000000000
     0.0000000000000000     0.0000000000000000        0.0000000000000008     0.0000000000000000        0.1269497724840961     0.0000000000000000
    1    2
    -0.0600708550780785     0.0000000000000000       -0.0000000000000000     0.0000000000000000       -0.0000000000000000     0.0000000000000000
    -0.0000000000000000     0.0000000000000000       -0.0600708550780787     0.0000000000000000       -0.0000000000000004     0.0000000000000000
    -0.0000000000000000     0.0000000000000000       -0.0000000000000004     0.0000000000000000       -0.0600708550780788     0.0000000000000000
    1    3
    -0.0269239563647328     0.0000000000000000       -0.0000000000000000     0.0000000000000000       -0.0000000000000000     0.0000000000000000
    -0.0000000000000000     0.0000000000000000       -0.0199774805206421     0.0000000000000000       -0.0000000000000001     0.0000000000000000
    -0.0000000000000000     0.0000000000000000       -0.0000000000000001     0.0000000000000000       -0.0199774805206421     0.0000000000000000
    1    4
    -0.0199774805206421     0.0000000000000000       -0.0000000000000000     0.0000000000000000       -0.0000000000000000     0.0000000000000000
    -0.0000000000000000     0.0000000000000000       -0.0269239563647329     0.0000000000000000       -0.0000000000000001     0.0000000000000000
    -0.0000000000000000     0.0000000000000000       -0.0000000000000001     0.0000000000000000       -0.0199774805206421     0.0000000000000000
    1    5
    -0.0199774805206421     0.0000000000000000       -0.0000000000000000     0.0000000000000000       -0.0000000000000000     0.0000000000000000
    -0.0000000000000000     0.0000000000000000       -0.0199774805206421     0.0000000000000000       -0.0000000000000001     0.0000000000000000
    -0.0000000000000000     0.0000000000000000       -0.0000000000000001     0.0000000000000000       -0.0269239563647330     0.0000000000000000
    2    1
    -0.0600708550780785     0.0000000000000000       -0.0000000000000000     0.0000000000000000       -0.0000000000000000     0.0000000000000000
    -0.0000000000000000     0.0000000000000000       -0.0600708550780787     0.0000000000000000       -0.0000000000000004     0.0000000000000000
    -0.0000000000000000     0.0000000000000000       -0.0000000000000004     0.0000000000000000       -0.0600708550780788     0.0000000000000000
    2    2
     0.0702077262093832     0.0000000000000000        0.0000000000000000     0.0000000000000000        0.0000000000000000     0.0000000000000000
     0.0000000000000000     0.0000000000000000        0.0702077262093834     0.0000000000000000        0.0000000000000004     0.0000000000000000
     0.0000000000000000     0.0000000000000000        0.0000000000000004     0.0000000000000000        0.0702077262093836     0.0000000000000000
    2    3
     0.0471347756713107     0.0000000000000000        0.0000000000000000     0.0000000000000000        0.0000000000000000     0.0000000000000000
     0.0000000000000000     0.0000000000000000       -0.0286358234013078     0.0000000000000000       -0.0000000000000002     0.0000000000000000
     0.0000000000000000     0.0000000000000000       -0.0000000000000002     0.0000000000000000       -0.0286358234013079     0.0000000000000000
    2    4
    -0.0286358234013077     0.0000000000000000       -0.0000000000000000     0.0000000000000000       -0.0000000000000000     0.0000000000000000
    -0.0000000000000000     0.0000000000000000        0.0471347756713108     0.0000000000000000        0.0000000000000000     0.0000000000000000
    -0.0000000000000000     0.0000000000000000        0.0000000000000000     0.0000000000000000       -0.0286358234013079     0.0000000000000000
    2    5
    -0.0286358234013077     0.0000000000000000       -0.0000000000000000     0.0000000000000000       -0.0000000000000000     0.0000000000000000
    -0.0000000000000000     0.0000000000000000       -0.0286358234013078     0.0000000000000000        0.0000000000000001     0.0000000000000000
    -0.0000000000000000     0.0000000000000000        0.0000000000000001     0.0000000000000000        0.0471347756713109     0.0000000000000000
    3    1
    -0.0269239563647328     0.0000000000000000       -0.0000000000000000     0.0000000000000000       -0.0000000000000000     0.0000000000000000
    -0.0000000000000000     0.0000000000000000       -0.0199774805206421     0.0000000000000000       -0.0000000000000001     0.0000000000000000
    -0.0000000000000000     0.0000000000000000       -0.0000000000000001     0.0000000000000000       -0.0199774805206421     0.0000000000000000
    3    2
     0.0471347756713107     0.0000000000000000        0.0000000000000000     0.0000000000000000        0.0000000000000000     0.0000000000000000
     0.0000000000000000     0.0000000000000000       -0.0286358234013078     0.0000000000000000       -0.0000000000000002     0.0000000000000000
     0.0000000000000000     0.0000000000000000       -0.0000000000000002     0.0000000000000000       -0.0286358234013079     0.0000000000000000
    3    3
     0.1411626104039890     0.0000000000000000        0.0000000000000000     0.0000000000000000        0.0000000000000000     0.0000000000000000
     0.0000000000000000     0.0000000000000000        0.1137954794988523     0.0000000000000000        0.0000000000000007     0.0000000000000000
     0.0000000000000000     0.0000000000000000        0.0000000000000007     0.0000000000000000        0.1137954794988525     0.0000000000000000
    3    4
    -0.0806867148552833     0.0000000000000000       -0.0000000000000000     0.0000000000000000       -0.0000000000000000     0.0000000000000000
    -0.0000000000000000     0.0000000000000000       -0.0806867148552834     0.0000000000000000       -0.0000000000000001     0.0000000000000000
    -0.0000000000000000     0.0000000000000000       -0.0000000000000001     0.0000000000000000        0.0155045392783812     0.0000000000000000
    3    5
    -0.0806867148552833     0.0000000000000000       -0.0000000000000000     0.0000000000000000       -0.0000000000000000     0.0000000000000000
    -0.0000000000000000     0.0000000000000000        0.0155045392783811     0.0000000000000000       -0.0000000000000003     0.0000000000000000
    -0.0000000000000000     0.0000000000000000       -0.0000000000000003     0.0000000000000000       -0.0806867148552836     0.0000000000000000
    4    1
    -0.0199774805206421     0.0000000000000000       -0.0000000000000000     0.0000000000000000       -0.0000000000000000     0.0000000000000000
    -0.0000000000000000     0.0000000000000000       -0.0269239563647329     0.0000000000000000       -0.0000000000000001     0.0000000000000000
    -0.0000000000000000     0.0000000000000000       -0.0000000000000001     0.0000000000000000       -0.0199774805206421     0.0000000000000000
    4    2
    -0.0286358234013077     0.0000000000000000       -0.0000000000000000     0.0000000000000000       -0.0000000000000000     0.0000000000000000
    -0.0000000000000000     0.0000000000000000        0.0471347756713108     0.0000000000000000        0.0000000000000000     0.0000000000000000
    -0.0000000000000000     0.0000000000000000        0.0000000000000000     0.0000000000000000       -0.0286358234013079     0.0000000000000000
    4    3
    -0.0806867148552833     0.0000000000000000       -0.0000000000000000     0.0000000000000000       -0.0000000000000000     0.0000000000000000
    -0.0000000000000000     0.0000000000000000       -0.0806867148552834     0.0000000000000000       -0.0000000000000001     0.0000000000000000
    -0.0000000000000000     0.0000000000000000       -0.0000000000000001     0.0000000000000000        0.0155045392783812     0.0000000000000000
    4    4
     0.1137954794988520     0.0000000000000000        0.0000000000000000     0.0000000000000000        0.0000000000000000     0.0000000000000000
     0.0000000000000000     0.0000000000000000        0.1411626104039893     0.0000000000000000        0.0000000000000008     0.0000000000000000
     0.0000000000000000     0.0000000000000000        0.0000000000000008     0.0000000000000000        0.1137954794988525     0.0000000000000000
    4    5
     0.0155045392783811     0.0000000000000000        0.0000000000000000     0.0000000000000000        0.0000000000000000     0.0000000000000000
     0.0000000000000000     0.0000000000000000       -0.0806867148552834     0.0000000000000000       -0.0000000000000005     0.0000000000000000
     0.0000000000000000     0.0000000000000000       -0.0000000000000005     0.0000000000000000       -0.0806867148552836     0.0000000000000000
    5    1
    -0.0199774805206421     0.0000000000000000       -0.0000000000000000     0.0000000000000000       -0.0000000000000000     0.0000000000000000
    -0.0000000000000000     0.0000000000000000       -0.0199774805206421     0.0000000000000000       -0.0000000000000001     0.0000000000000000
    -0.0000000000000000     0.0000000000000000       -0.0000000000000001     0.0000000000000000       -0.0269239563647330     0.0000000000000000
    5    2
    -0.0286358234013077     0.0000000000000000       -0.0000000000000000     0.0000000000000000       -0.0000000000000000     0.0000000000000000
    -0.0000000000000000     0.0000000000000000       -0.0286358234013078     0.0000000000000000        0.0000000000000001     0.0000000000000000
    -0.0000000000000000     0.0000000000000000        0.0000000000000001     0.0000000000000000        0.0471347756713109     0.0000000000000000
    5    3
    -0.0806867148552833     0.0000000000000000       -0.0000000000000000     0.0000000000000000       -0.0000000000000000     0.0000000000000000
    -0.0000000000000000     0.0000000000000000        0.0155045392783811     0.0000000000000000       -0.0000000000000003     0.0000000000000000
    -0.0000000000000000     0.0000000000000000       -0.0000000000000003     0.0000000000000000       -0.0806867148552836     0.0000000000000000
    5    4
     0.0155045392783811     0.0000000000000000        0.0000000000000000     0.0000000000000000        0.0000000000000000     0.0000000000000000
     0.0000000000000000     0.0000000000000000       -0.0806867148552834     0.0000000000000000       -0.0000000000000005     0.0000000000000000
     0.0000000000000000     0.0000000000000000       -0.0000000000000005     0.0000000000000000       -0.0806867148552836     0.0000000000000000
    5    5
     0.1137954794988520     0.0000000000000000        0.0000000000000000     0.0000000000000000        0.0000000000000000     0.0000000000000000
     0.0000000000000000     0.0000000000000000        0.1137954794988523     0.0000000000000000        0.0000000000000008     0.0000000000000000
     0.0000000000000000     0.0000000000000000        0.0000000000000008     0.0000000000000000        0.1411626104039897     0.0000000000000000

     Diagonalizing the dynamical matrix

     q = (     0.000000000000     0.000000000000     0.000000000000 )

***************************************************************************
   freq (    1) =     0.00000013 [THz] =     0.00000446 [cm-1]
(   0.194401  0.000000   0.168356  0.000000  -0.365875  0.000000 )
(   0.194401  0.000000   0.168356  0.000000  -0.365875  0.000000 )
(   0.194401  0.000000   0.168356  0.000000  -0.365875  0.000000 )
(   0.194401  0.000000   0.168356  0.000000  -0.365875  0.000000 )
(   0.194401  0.000000   0.168356  0.000000  -0.365875  0.000000 )
   freq (    2) =     0.00000015 [THz] =     0.00000489 [cm-1]
(   0.402372  0.000000  -0.063565  0.000000   0.184544  0.000000 )
(   0.402372  0.000000  -0.063565  0.000000   0.184544  0.000000 )
(   0.402372  0.000000  -0.063565  0.000000   0.184544  0.000000 )
(   0.402372  0.000000  -0.063565  0.000000   0.184544  0.000000 )
(   0.402372  0.000000  -0.063565  0.000000   0.184544  0.000000 )
   freq (    3) =     0.00000018 [THz] =     0.00000599 [cm-1]
(   0.017469  0.000000  -0.409409  0.000000  -0.179106  0.000000 )
(   0.017469  0.000000  -0.409409  0.000000  -0.179106  0.000000 )
(   0.017469  0.000000  -0.409409  0.000000  -0.179106  0.000000 )
(   0.017469  0.000000  -0.409409  0.000000  -0.179106  0.000000 )
(   0.017469  0.000000  -0.409409  0.000000  -0.179106  0.000000 )
   freq (    4) =     3.60200019 [THz] =   120.14977639 [cm-1]
(  -0.000328  0.000000   0.020139  0.000000  -0.022782  0.000000 )
(   0.005903  0.000000  -0.362264  0.000000   0.409804  0.000000 )
(  -0.007265  0.000000   0.232557  0.000000  -0.263076  0.000000 )
(  -0.003790  0.000000   0.445870  0.000000  -0.263076  0.000000 )
(  -0.003790  0.000000   0.232557  0.000000  -0.504381  0.000000 )
   freq (    5) =     3.60200019 [THz] =   120.14977639 [cm-1]
(   0.030404  0.000000  -0.000130  0.000000  -0.000553  0.000000 )
(  -0.546905  0.000000   0.002342  0.000000   0.009949  0.000000 )
(   0.673123  0.000000  -0.001504  0.000000  -0.006387  0.000000 )
(   0.351088  0.000000  -0.002883  0.000000  -0.006387  0.000000 )
(   0.351088  0.000000  -0.001504  0.000000  -0.012245  0.000000 )
   freq (    6) =     3.60200019 [THz] =   120.14977639 [cm-1]
(   0.000464  0.000000   0.022784  0.000000   0.020134  0.000000 )
(  -0.008344  0.000000  -0.409840  0.000000  -0.362176  0.000000 )
(   0.010269  0.000000   0.263099  0.000000   0.232500  0.000000 )
(   0.005356  0.000000   0.504425  0.000000   0.232500  0.000000 )
(   0.005356  0.000000   0.263099  0.000000   0.445761  0.000000 )
   freq (    7) =     5.18129216 [THz] =   172.82927851 [cm-1]
(   0.001981  0.000000   0.244119  0.000000  -0.187340  0.000000 )
(  -0.002428  0.000000  -0.299264  0.000000   0.229659  0.000000 )
(  -0.003328  0.000000  -0.394963  0.000000   0.303099  0.000000 )
(  -0.003205  0.000000  -0.410106  0.000000   0.303099  0.000000 )
(  -0.003205  0.000000  -0.394963  0.000000   0.314720  0.000000 )
   freq (    8) =     5.18129216 [THz] =   172.82927851 [cm-1]
(  -0.307707  0.000000   0.003188  0.000000   0.000900  0.000000 )
(   0.377216  0.000000  -0.003908  0.000000  -0.001103  0.000000 )
(   0.516929  0.000000  -0.005157  0.000000  -0.001456  0.000000 )
(   0.497842  0.000000  -0.005355  0.000000  -0.001456  0.000000 )
(   0.497842  0.000000  -0.005157  0.000000  -0.001512  0.000000 )
   freq (    9) =     5.18129216 [THz] =   172.82927851 [cm-1]
(  -0.002655  0.000000  -0.187324  0.000000  -0.244126  0.000000 )
(   0.003254  0.000000   0.229638  0.000000   0.299272  0.000000 )
(   0.004460  0.000000   0.303072  0.000000   0.394973  0.000000 )
(   0.004295  0.000000   0.314692  0.000000   0.394973  0.000000 )
(   0.004295  0.000000   0.303072  0.000000   0.410117  0.000000 )
   freq (   10) =     8.54123242 [THz] =   284.90480549 [cm-1]
(   0.000000  0.000000   0.000000  0.000000   0.000000  0.000000 )
(   0.000000  0.000000   0.000000  0.000000  -0.000000  0.000000 )
(  -0.000000  0.000000  -0.596949  0.000000   0.377698  0.000000 )
(   0.031556  0.000000   0.000000  0.000000  -0.377698  0.000000 )
(  -0.031556  0.000000   0.596949  0.000000  -0.000000  0.000000 )
   freq (   11) =     8.54123242 [THz] =   284.90480549 [cm-1]
(  -0.000000  0.000000   0.000000  0.000000   0.000000  0.000000 )
(   0.000000  0.000000   0.000000  0.000000   0.000000  0.000000 )
(   0.000000  0.000000   0.027576  0.000000  -0.015435  0.000000 )
(   0.706400  0.000000   0.000000  0.000000   0.015435  0.000000 )
(  -0.706400  0.000000  -0.027576  0.000000   0.000000  0.000000 )
   freq (   12) =     8.54123242 [THz] =   284.90480549 [cm-1]
(   0.000000  0.000000   0.000000  0.000000  -0.000000  0.000000 )
(   0.000000  0.000000  -0.000000  0.000000  -0.000000  0.000000 )
(   0.000000  0.000000  -0.378010  0.000000  -0.597583  0.000000 )
(   0.001699  0.000000  -0.000000  0.000000   0.597583  0.000000 )
(  -0.001699  0.000000   0.378010  0.000000  -0.000000  0.000000 )
   freq (   13) =    13.75915664 [THz] =   458.95599801 [cm-1]
(  -0.002670  0.000000  -0.000066  0.000000  -0.000054  0.000000 )
(   0.089405  0.000000   0.002206  0.000000   0.001816  0.000000 )
(   0.723065  0.000000  -0.011938  0.000000  -0.009829  0.000000 )
(  -0.483816  0.000000   0.017842  0.000000  -0.009829  0.000000 )
(  -0.483816  0.000000  -0.011938  0.000000   0.014689  0.000000 )
   freq (   14) =    13.75915664 [THz] =   458.95599801 [cm-1]
(   0.000085  0.000000  -0.002224  0.000000  -0.001478  0.000000 )
(  -0.002843  0.000000   0.074457  0.000000   0.049493  0.000000 )
(  -0.022990  0.000000  -0.402924  0.000000  -0.267829  0.000000 )
(   0.015383  0.000000   0.602172  0.000000  -0.267829  0.000000 )
(   0.015383  0.000000  -0.402924  0.000000   0.400272  0.000000 )
   freq (   15) =    13.75915664 [THz] =   458.95599801 [cm-1]
(   0.000009  0.000000   0.001479  0.000000  -0.002225  0.000000 )
(  -0.000291  0.000000  -0.049525  0.000000   0.074489  0.000000 )
(  -0.002355  0.000000   0.268005  0.000000  -0.403098  0.000000 )
(   0.001576  0.000000  -0.400535  0.000000  -0.403098  0.000000 )
(   0.001576  0.000000   0.268005  0.000000   0.602432  0.000000 )
***************************************************************************
