Dynamical matrix file
File generated with the CellConstructor by Lorenzo Monacelli
3 5 0     1.8897259890000000     0.0000000000000000     0.0000000000000000     0.0000000000000000     0.0000000000000000     0.0000000000000000
Basis vectors
    4.0162168494695329     0.0000000000000000     0.0000000000000001
   -0.0000000000000002     4.0162168494695285    -0.0000000000000146
   -0.0000000000000005    -0.0000000000000098     4.0162168494695232
	1  'Ba '  125165.9077335107867839
	2  'Ti '  43628.1030349454958923
	3  'O '  14582.1969301625977096
    1     1     0.0000000000000004    -0.0000000000000001    -0.0000000000000001
    2     2     2.0081084247347665     2.0081084247347594     2.0081084247347545
    3     3     0.0000000000000005     2.0081084247347594     2.0081084247347545
    4     3     2.0081084247347665    -0.0000000000000058     2.0081084247347607
    5     3     2.0081084247347669     2.0081084247347638    -0.0000000000000072

     Dynamical Matrix in cartesian axes

     q = (     0.124495269738    -0.124495269738     0.124495269738 )

    1    1
     0.1749384030049912     0.0000000000000000        0.0000000000000000     0.0000000000000000        0.0000000000000000     0.0000000000000000
     0.0000000000000000     0.0000000000000000        0.1749384030049916     0.0000000000000000        0.0000000000000011     0.0000000000000000
     0.0000000000000000     0.0000000000000000        0.0000000000000011     0.0000000000000000        0.1749384030049920     0.0000000000000000
    1    2
     0.0000000000000000    -0.0000000000000000       -0.0000000000000000    -0.0000000000000000        0.0000000000000000     0.0000000000000000
    -0.0000000000000000    -0.0000000000000000        0.0000000000000000    -0.0000000000000000       -0.0000000000000000    -0.0000000000000000
     0.0000000000000000     0.0000000000000000       -0.0000000000000000    -0.0000000000000000        0.0000000000000000    -0.0000000000000000
    1    3
    -0.0000000000000000    -0.0000000000000000        0.0000000000000000     0.0000000000000000        0.0000000000000000     0.0000000000000000
     0.0000000000000000     0.0000000000000000       -0.0000000000000000    -0.0000000000000000       -0.0050943685596402    -0.0000000000000000
     0.0000000000000000     0.0000000000000000       -0.0050943685596402    -0.0000000000000000       -0.0000000000000000    -0.0000000000000000
    1    4
     0.0000000000000000    -0.0000000000000000       -0.0000000000000000     0.0000000000000000       -0.0050943685596402     0.0000000004453639
    -0.0000000000000000     0.0000000000000000       -0.0000000000000000     0.0000000000000000       -0.0000000000000000     0.0000000000000000
    -0.0050943685596402     0.0000000004453639       -0.0000000000000000     0.0000000000000000       -0.0000000000000000     0.0000000000000000
    1    5
     0.0000000000000000    -0.0000000000000000       -0.0050943685596402     0.0000000000000000       -0.0000000000000000     0.0000000000000000
    -0.0050943685596402     0.0000000000000000       -0.0000000000000000     0.0000000000000000       -0.0000000000000000     0.0000000000000000
    -0.0000000000000000     0.0000000000000000       -0.0000000000000000     0.0000000000000000       -0.0000000000000000     0.0000000000000000
    2    1
     0.0000000000000000     0.0000000000000000       -0.0000000000000000     0.0000000000000000        0.0000000000000000    -0.0000000000000000
    -0.0000000000000000     0.0000000000000000        0.0000000000000000     0.0000000000000000       -0.0000000000000000     0.0000000000000000
     0.0000000000000000    -0.0000000000000000       -0.0000000000000000     0.0000000000000000        0.0000000000000000     0.0000000000000000
    2    2
     0.5572236746820449     0.0000000000000000        0.0000000000000000     0.0000000000000000        0.0000000000000001     0.0000000000000000
     0.0000000000000000     0.0000000000000000        0.5572236746820461     0.0000000000000000        0.0000000000000034     0.0000000000000000
     0.0000000000000001     0.0000000000000000        0.0000000000000034     0.0000000000000000        0.5572236746820475     0.0000000000000000
    2    3
     0.0000000000000000    -0.0000000000000000       -0.0000000000000000    -0.0000000000000000        0.0000000000000000    -0.0000000000000000
     0.0000000000000000    -0.0000000000000000        0.0000000000000000    -0.0000000000000000        0.0000000000000000    -0.0000000000000000
     0.0000000000000000    -0.0000000000000000        0.0000000000000000    -0.0000000000000000        0.0000000000000000    -0.0000000000000000
    2    4
     0.0000000000000000     0.0000000000000000        0.0000000000000000     0.0000000000000000        0.0000000000000000     0.0000000000000000
     0.0000000000000000     0.0000000000000000        0.0000000000000000     0.0000000000000000       -0.0000000000000000     0.0000000000000000
    -0.0000000000000000     0.0000000000000000        0.0000000000000000     0.0000000000000000        0.0000000000000000     0.0000000000000000
    2    5
     0.0000000000000000    -0.0000000000000000       -0.0000000000000000    -0.0000000000000000        0.0000000000000000    -0.0000000000000000
    -0.0000000000000000     0.0000000000000000        0.0000000000000000    -0.0000000000000000        0.0000000000000000    -0.0000000000000000
    -0.0000000000000000    -0.0000000000000000       -0.0000000000000000    -0.0000000000000000        0.0000000000000000    -0.0000000000000000
    3    1
    -0.0000000000000000     0.0000000000000000        0.0000000000000000    -0.0000000000000000        0.0000000000000000    -0.0000000000000000
     0.0000000000000000    -0.0000000000000000       -0.0000000000000000     0.0000000000000000       -0.0050943685596402     0.0000000000000000
     0.0000000000000000    -0.0000000000000000       -0.0050943685596402     0.0000000000000000       -0.0000000000000000     0.0000000000000000
    3    2
     0.0000000000000000     0.0000000000000000        0.0000000000000000     0.0000000000000000        0.0000000000000000     0.0000000000000000
    -0.0000000000000000     0.0000000000000000        0.0000000000000000     0.0000000000000000        0.0000000000000000     0.0000000000000000
    -0.0000000000000000     0.0000000000000000        0.0000000000000000     0.0000000000000000        0.0000000000000000     0.0000000000000000
    3    3
     0.3467487256544651     0.0000000000000000        0.0000000000000000     0.0000000000000000        0.0000000000000000     0.0000000000000000
     0.0000000000000000     0.0000000000000000        0.1270962778359462     0.0000000000000000        0.0000000000000008     0.0000000000000000
     0.0000000000000000     0.0000000000000000        0.0000000000000008     0.0000000000000000        0.1270962778359465     0.0000000000000000
    3    4
    -0.0000000000000000     0.0000000000000000        0.1581241615565044    -0.0000000138236537        0.0000000000000004    -0.0000000000000000
     0.0875782284763748    -0.0000000076563321        0.0000000000000000    -0.0000000000000000        0.0000000000000000    -0.0000000000000000
     0.0000000000000002    -0.0000000000000000        0.0000000000000000    -0.0000000000000000        0.0000000000000000    -0.0000000000000000
    3    5
    -0.0000000000000000     0.0000000000000000        0.0000000000000006    -0.0000000000000000        0.1581241615565052    -0.0000000000000001
     0.0000000000000003    -0.0000000000000000        0.0000000000000000    -0.0000000000000000        0.0000000000000000    -0.0000000000000000
     0.0875782284763752    -0.0000000000000000        0.0000000000000000    -0.0000000000000000        0.0000000000000000    -0.0000000000000000
    4    1
     0.0000000000000000     0.0000000000000000       -0.0000000000000000    -0.0000000000000000       -0.0050943685596402    -0.0000000004453639
    -0.0000000000000000    -0.0000000000000000       -0.0000000000000000    -0.0000000000000000       -0.0000000000000000    -0.0000000000000000
    -0.0050943685596402    -0.0000000004453639       -0.0000000000000000    -0.0000000000000000       -0.0000000000000000    -0.0000000000000000
    4    2
     0.0000000000000000    -0.0000000000000000       -0.0000000000000000    -0.0000000000000000       -0.0000000000000000    -0.0000000000000000
     0.0000000000000000    -0.0000000000000000        0.0000000000000000    -0.0000000000000000        0.0000000000000000    -0.0000000000000000
     0.0000000000000000    -0.0000000000000000       -0.0000000000000000    -0.0000000000000000        0.0000000000000000    -0.0000000000000000
    4    3
    -0.0000000000000000    -0.0000000000000000        0.0875782284763748     0.0000000076563321        0.0000000000000002     0.0000000000000000
     0.1581241615565044     0.0000000138236537        0.0000000000000000     0.0000000000000000        0.0000000000000000     0.0000000000000000
     0.0000000000000004     0.0000000000000000        0.0000000000000000     0.0000000000000000        0.0000000000000000     0.0000000000000000
    4    4
     0.1270962778359459     0.0000000000000000        0.0000000000000000     0.0000000000000000        0.0000000000000000     0.0000000000000000
     0.0000000000000000     0.0000000000000000        0.3467487256544659     0.0000000000000000        0.0000000000000013     0.0000000000000000
     0.0000000000000000     0.0000000000000000        0.0000000000000013     0.0000000000000000        0.1270962778359465     0.0000000000000000
    4    5
     0.0000000000000000     0.0000000000000000       -0.0000000000000000    -0.0000000000000000       -0.0000000000000000    -0.0000000000000000
    -0.0000000000000000    -0.0000000000000000        0.0000000000000009     0.0000000000000000        0.1581241615565047     0.0000000138236536
    -0.0000000000000000    -0.0000000000000000        0.0875782284763750     0.0000000076563321        0.0000000000000006     0.0000000000000000
    5    1
     0.0000000000000000     0.0000000000000000       -0.0050943685596402    -0.0000000000000000       -0.0000000000000000    -0.0000000000000000
    -0.0050943685596402    -0.0000000000000000       -0.0000000000000000    -0.0000000000000000       -0.0000000000000000    -0.0000000000000000
    -0.0000000000000000    -0.0000000000000000       -0.0000000000000000    -0.0000000000000000       -0.0000000000000000    -0.0000000000000000
    5    2
     0.0000000000000000     0.0000000000000000       -0.0000000000000000    -0.0000000000000000        0.0000000000000000     0.0000000000000000
     0.0000000000000000     0.0000000000000000        0.0000000000000000     0.0000000000000000        0.0000000000000000     0.0000000000000000
     0.0000000000000000     0.0000000000000000        0.0000000000000000     0.0000000000000000        0.0000000000000000     0.0000000000000000
    5    3
    -0.0000000000000000    -0.0000000000000000        0.0000000000000003     0.0000000000000000        0.0875782284763752     0.0000000000000000
     0.0000000000000006     0.0000000000000000        0.0000000000000000     0.0000000000000000        0.0000000000000000     0.0000000000000000
     0.1581241615565052     0.0000000000000001        0.0000000000000000     0.0000000000000000        0.0000000000000000     0.0000000000000000
    5    4
     0.0000000000000000    -0.0000000000000000       -0.0000000000000000     0.0000000000000000       -0.0000000000000000     0.0000000000000000
    -0.0000000000000000     0.0000000000000000        0.0000000000000009    -0.0000000000000000        0.0875782284763750    -0.0000000076563321
    -0.0000000000000000     0.0000000000000000        0.1581241615565047    -0.0000000138236536        0.0000000000000006    -0.0000000000000000
    5    5
     0.1270962778359459     0.0000000000000000        0.0000000000000000     0.0000000000000000        0.0000000000000000     0.0000000000000000
     0.0000000000000000     0.0000000000000000        0.1270962778359462     0.0000000000000000        0.0000000000000016     0.0000000000000000
     0.0000000000000000     0.0000000000000000        0.0000000000000016     0.0000000000000000        0.3467487256544668     0.0000000000000000

     Diagonalizing the dynamical matrix

     q = (     0.124495269738    -0.124495269738     0.124495269738 )

***************************************************************************
   freq (    1) =     3.88635994 [THz] =   129.63499524 [cm-1]
(   0.010852  0.000000  -0.896522  0.000529   0.441313 -0.000253 )
(  -0.000000 -0.000000   0.000000  0.000000  -0.000000 -0.000000 )
(   0.000000 -0.000000   0.011569 -0.000007  -0.023503  0.000014 )
(   0.011569 -0.000007  -0.000000  0.000000   0.000284  0.000000 )
(  -0.023503  0.000014   0.000284  0.000000   0.000000 -0.000000 )
   freq (    2) =     3.88635994 [THz] =   129.63499524 [cm-1]
(   0.999205  0.000000   0.005359 -0.000006  -0.013683  0.000003 )
(   0.000000  0.000000   0.000000 -0.000000  -0.000000  0.000000 )
(   0.000000  0.000000  -0.000359  0.000000   0.000140 -0.000000 )
(  -0.000359  0.000000  -0.000000 -0.000000   0.026195  0.000000 )
(   0.000140 -0.000000   0.026195  0.000000  -0.000000  0.000000 )
   freq (    3) =     3.88635994 [THz] =   129.63499524 [cm-1]
(   0.009909  0.000000   0.441414 -0.000006   0.896484  0.000003 )
(  -0.000000  0.000000  -0.000000 -0.000000  -0.000000  0.000000 )
(   0.000000  0.000000   0.023502  0.000000   0.011572 -0.000000 )
(   0.023502  0.000000  -0.000000 -0.000000   0.000260  0.000000 )
(   0.011572 -0.000000   0.000260  0.000000   0.000000  0.000000 )
   freq (    4) =     5.41578662 [THz] =   180.65117036 [cm-1]
(  -0.000000  0.000000  -0.000000  0.000000   0.000000  0.000000 )
(  -0.000000 -0.000000  -0.000000  0.000000  -0.000000  0.000000 )
(   0.000000 -0.000000   0.581595 -0.001300  -0.395225  0.001044 )
(  -0.581595  0.001300   0.000000 -0.000000  -0.074436 -0.001079 )
(   0.395225 -0.001044   0.074436  0.001079  -0.000000  0.000000 )
   freq (    5) =     5.41578662 [THz] =   180.65117036 [cm-1]
(  -0.000000  0.000000   0.000000  0.000000  -0.000000  0.000000 )
(   0.000000  0.000000   0.000000 -0.000000   0.000000  0.000000 )
(   0.000000  0.000000  -0.019184  0.000174   0.103475 -0.000129 )
(   0.019184 -0.000174   0.000000  0.000000  -0.699162 -0.009878 )
(  -0.103475  0.000129   0.699162  0.009878  -0.000000 -0.000000 )
   freq (    6) =     5.41578662 [THz] =   180.65117036 [cm-1]
(  -0.000000  0.000000  -0.000000  0.000000   0.000000 -0.000000 )
(   0.000000  0.000000  -0.000000  0.000000   0.000000 -0.000000 )
(   0.000000  0.000000  -0.401718 -0.000155  -0.577139 -0.000028 )
(   0.401718  0.000155   0.000000  0.000000  -0.074378 -0.001057 )
(   0.577139  0.000028   0.074378  0.001057  -0.000000 -0.000000 )
   freq (    7) =    11.75728077 [THz] =   392.18061594 [cm-1]
(  -0.000000  0.000000  -0.000000 -0.000000   0.000000  0.000000 )
(   0.122467 -0.000066   0.761047 -0.004658  -0.637002  0.003885 )
(   0.000000  0.000000  -0.000000 -0.000000  -0.000000  0.000000 )
(   0.000000  0.000000  -0.000000  0.000000  -0.000000  0.000000 )
(  -0.000000  0.000000   0.000000 -0.000000   0.000000 -0.000000 )
   freq (    8) =    11.75728077 [THz] =   392.18061594 [cm-1]
(  -0.000000  0.000000   0.000000  0.000000  -0.000000 -0.000000 )
(   0.992408  0.000038  -0.101201  0.000382   0.069882 -0.000601 )
(   0.000000  0.000000  -0.000000 -0.000000  -0.000000  0.000000 )
(  -0.000000  0.000000   0.000000  0.000000   0.000000  0.000000 )
(  -0.000000  0.000000  -0.000000 -0.000000  -0.000000 -0.000000 )
   freq (    9) =    11.75728077 [THz] =   392.18061594 [cm-1]
(  -0.000000  0.000000   0.000000  0.000000   0.000000 -0.000000 )
(  -0.011279  0.000348  -0.640692  0.007554  -0.767624  0.009088 )
(   0.000000 -0.000000  -0.000000  0.000000   0.000000 -0.000000 )
(  -0.000000  0.000000   0.000000  0.000000  -0.000000 -0.000000 )
(   0.000000 -0.000000   0.000000  0.000000  -0.000000 -0.000000 )
   freq (   10) =    11.83212964 [THz] =   394.67730536 [cm-1]
(   0.000000  0.000000  -0.000000  0.000000   0.000000  0.000000 )
(   0.000000 -0.000000   0.000000  0.000000  -0.000000 -0.000000 )
(  -0.742616  0.000000   0.000000 -0.000000   0.000000  0.000000 )
(  -0.000000 -0.000000   0.664921  0.013506  -0.000000  0.000000 )
(   0.000000  0.000000  -0.000000 -0.000000   0.077695 -0.013506 )
   freq (   11) =    11.83212964 [THz] =   394.67730536 [cm-1]
(   0.000000  0.000000   0.000000 -0.000000  -0.000000 -0.000000 )
(   0.000000  0.000000  -0.000000 -0.000000   0.000000  0.000000 )
(  -0.339394 -0.000000  -0.000000  0.000000  -0.000000 -0.000000 )
(   0.000000  0.000000  -0.472748 -0.029552  -0.000000 -0.000000 )
(  -0.000000 -0.000000  -0.000000  0.000000   0.812142  0.029552 )
   freq (   12) =    12.62366631 [THz] =   421.08012285 [cm-1]
(  -0.000032  0.000000  -0.002841  0.000000   0.003254 -0.000000 )
(   0.000000  0.000000   0.000000  0.000000   0.000000  0.000000 )
(  -0.000000  0.000000  -0.532657  0.000001   0.465016 -0.000003 )
(  -0.532657  0.000001  -0.000000 -0.000000   0.005237  0.000000 )
(   0.465016 -0.000003   0.005237  0.000000   0.000000  0.000000 )
   freq (   13) =    12.62366631 [THz] =   421.08012285 [cm-1]
(  -0.004318  0.000000   0.000104 -0.000000   0.000049  0.000000 )
(  -0.000000 -0.000000  -0.000000 -0.000000   0.000000 -0.000000 )
(  -0.000000  0.000000  -0.007959 -0.000000  -0.017078  0.000000 )
(  -0.007959 -0.000000   0.000000  0.000000   0.706849  0.000000 )
(  -0.017078  0.000000   0.706849  0.000000   0.000000 -0.000000 )
   freq (   14) =    12.62366631 [THz] =   421.08012285 [cm-1]
(   0.000111  0.000000   0.003252 -0.000000   0.002840  0.000000 )
(  -0.000000 -0.000000  -0.000000 -0.000000   0.000000 -0.000000 )
(   0.000000  0.000000  -0.464977 -0.000001  -0.532409  0.000002 )
(  -0.464977 -0.000001   0.000000  0.000000  -0.018099 -0.000000 )
(  -0.532409  0.000002  -0.018099 -0.000000  -0.000000 -0.000000 )
   freq (   15) =    22.18296492 [THz] =   739.94395653 [cm-1]
(  -0.000000  0.000000  -0.000000  0.000000  -0.000000  0.000000 )
(  -0.000000 -0.000000   0.000000  0.000000   0.000000  0.000000 )
(   0.577350 -0.000000   0.000000 -0.000000   0.000000  0.000000 )
(   0.000000  0.000000   0.577350  0.000000   0.000000 -0.000000 )
(   0.000000  0.000000   0.000000  0.000000   0.577350  0.000000 )
***************************************************************************
