Dynamical matrix file
File generated with the CellConstructor by Lorenzo Monacelli
3 5 0     1.8897259890000000     0.0000000000000000     0.0000000000000000     0.0000000000000000     0.0000000000000000     0.0000000000000000
Basis vectors
    4.0162168494695329     0.0000000000000000     0.0000000000000001
   -0.0000000000000002     4.0162168494695285    -0.0000000000000146
   -0.0000000000000005    -0.0000000000000098     4.0162168494695232
	1  'Ba '  125165.9077335107867839
	2  'Ti '  43628.1030349454958923
	3  'O '  14582.1969301625977096
    1     1     0.0000000000000001    -0.0000000000000003    -0.0000000000000000
    2     2     2.0081084247347665     2.0081084247347594     2.0081084247347545
    3     3     0.0000000000000004     2.0081084247347594     2.0081084247347545
    4     3     2.0081084247347665    -0.0000000000000057     2.0081084247347611
    5     3     2.0081084247347669     2.0081084247347643    -0.0000000000000074

     Dynamical Matrix in cartesian axes

     q = (    -0.124495269738    -0.000000000000    -0.000000000000 )

    1    1
     0.2683282251859252     0.0000000000000000        0.0000000000000000     0.0000000000000000        0.0000000000000000     0.0000000000000000
     0.0000000000000000     0.0000000000000000        0.1224730579617864     0.0000000000000000        0.0000000000000007     0.0000000000000000
     0.0000000000000000     0.0000000000000000        0.0000000000000007     0.0000000000000000        0.1224730579617868     0.0000000000000000
    1    2
     0.0000000000000000    -0.0000000000000000        0.0000000000000000    -0.0000000000000000        0.0000000000000000    -0.0000000000000000
    -0.0000000000000000    -0.0000000000000000        0.0000000000000000    -0.0000000000000000        0.0000000000000000    -0.0000000000000000
     0.0000000000000000    -0.0000000000000000        0.0000000000000000    -0.0000000000000000        0.0000000000000000    -0.0000000000000000
    1    3
    -0.1261492721850501    -0.0000000000000000       -0.0000000000000000    -0.0000000000000000       -0.0000000000000000    -0.0000000000000000
    -0.0000000000000000    -0.0000000000000000       -0.0181226553239144    -0.0000000000000000       -0.0000000000000001    -0.0000000000000000
    -0.0000000000000000    -0.0000000000000000       -0.0000000000000001    -0.0000000000000000       -0.0181226553239144    -0.0000000000000000
    1    4
     0.0000000000000000    -0.0000000000000000        0.0000000000000000    -0.0000000000000000        0.0000000000000000    -0.0000000000000000
     0.0000000000000000    -0.0000000000000000        0.0000000000000000    -0.0000000000000000       -0.0000000000000000     0.0000000000000000
     0.0000000000000000    -0.0000000000000000        0.0000000000000000     0.0000000000000000       -0.0000000000000000     0.0000000000000000
    1    5
     0.0000000000000000    -0.0000000000000000        0.0000000000000000    -0.0000000000000000        0.0000000000000000    -0.0000000000000000
     0.0000000000000000    -0.0000000000000000       -0.0000000000000000     0.0000000000000000       -0.0000000000000000    -0.0000000000000000
     0.0000000000000000    -0.0000000000000000       -0.0000000000000000    -0.0000000000000000        0.0000000000000000    -0.0000000000000000
    2    1
     0.0000000000000000     0.0000000000000000        0.0000000000000000     0.0000000000000000        0.0000000000000000     0.0000000000000000
     0.0000000000000000     0.0000000000000000        0.0000000000000000     0.0000000000000000        0.0000000000000000     0.0000000000000000
     0.0000000000000000     0.0000000000000000        0.0000000000000000     0.0000000000000000        0.0000000000000000     0.0000000000000000
    2    2
     0.6107463093629103     0.0000000000000000        0.0000000000000000     0.0000000000000000        0.0000000000000001     0.0000000000000000
     0.0000000000000000     0.0000000000000000        0.0568661192151438     0.0000000000000000        0.0000000000000003     0.0000000000000000
     0.0000000000000001     0.0000000000000000        0.0000000000000003     0.0000000000000000        0.0568661192151439     0.0000000000000000
    2    3
    -0.0000000000000000    -0.0000000000000000       -0.0000000000000000    -0.0000000000000000        0.0000000000000000     0.0000000000000000
    -0.0000000000000000    -0.0000000000000000       -0.0000000000000000    -0.0000000000000000       -0.0000000000000000    -0.0000000000000000
     0.0000000000000000     0.0000000000000000        0.0000000000000000    -0.0000000000000000       -0.0000000000000000    -0.0000000000000000
    2    4
    -0.1406121515393313    -0.0000000000000000       -0.0000000000000000    -0.0000000000000000       -0.0000000000000000    -0.0000000000000000
    -0.0000000000000000    -0.0000000000000000        0.0517458609491416     0.0000000000000000        0.0000000000000001     0.0000000000000000
    -0.0000000000000000    -0.0000000000000000        0.0000000000000001     0.0000000000000000       -0.0200188095286920    -0.0000000000000000
    2    5
    -0.1406121515393313    -0.0000000000000000       -0.0000000000000000    -0.0000000000000000       -0.0000000000000000    -0.0000000000000000
    -0.0000000000000000    -0.0000000000000000       -0.0200188095286919    -0.0000000000000000        0.0000000000000001     0.0000000000000000
    -0.0000000000000000    -0.0000000000000000        0.0000000000000001     0.0000000000000000        0.0517458609491417     0.0000000000000000
    3    1
    -0.1261492721850501     0.0000000000000000       -0.0000000000000000     0.0000000000000000       -0.0000000000000000     0.0000000000000000
    -0.0000000000000000     0.0000000000000000       -0.0181226553239144     0.0000000000000000       -0.0000000000000001     0.0000000000000000
    -0.0000000000000000     0.0000000000000000       -0.0000000000000001     0.0000000000000000       -0.0181226553239144     0.0000000000000000
    3    2
    -0.0000000000000000     0.0000000000000000       -0.0000000000000000     0.0000000000000000        0.0000000000000000    -0.0000000000000000
    -0.0000000000000000     0.0000000000000000       -0.0000000000000000     0.0000000000000000        0.0000000000000000     0.0000000000000000
     0.0000000000000000    -0.0000000000000000       -0.0000000000000000     0.0000000000000000       -0.0000000000000000     0.0000000000000000
    3    3
     0.5005381906155528     0.0000000000000000        0.0000000000000000     0.0000000000000000        0.0000000000000001     0.0000000000000000
     0.0000000000000000     0.0000000000000000        0.1317558421348630     0.0000000000000000        0.0000000000000008     0.0000000000000000
     0.0000000000000001     0.0000000000000000        0.0000000000000008     0.0000000000000000        0.1317558421348634     0.0000000000000000
    3    4
     0.0000000000000000    -0.0000000000000000        0.0000000000000000    -0.0000000000000000        0.0000000000000000    -0.0000000000000000
     0.0000000000000000    -0.0000000000000000       -0.0000000000000000     0.0000000000000000        0.0000000000000000     0.0000000000000000
     0.0000000000000000    -0.0000000000000000        0.0000000000000000     0.0000000000000000       -0.0000000000000000     0.0000000000000000
    3    5
     0.0000000000000000    -0.0000000000000000        0.0000000000000000    -0.0000000000000000        0.0000000000000000    -0.0000000000000000
     0.0000000000000000    -0.0000000000000000       -0.0000000000000000     0.0000000000000000        0.0000000000000000     0.0000000000000000
     0.0000000000000000    -0.0000000000000000        0.0000000000000000     0.0000000000000000       -0.0000000000000000     0.0000000000000000
    4    1
     0.0000000000000000     0.0000000000000000        0.0000000000000000     0.0000000000000000        0.0000000000000000     0.0000000000000000
     0.0000000000000000     0.0000000000000000        0.0000000000000000     0.0000000000000000       -0.0000000000000000    -0.0000000000000000
     0.0000000000000000     0.0000000000000000       -0.0000000000000000    -0.0000000000000000       -0.0000000000000000    -0.0000000000000000
    4    2
    -0.1406121515393313     0.0000000000000000       -0.0000000000000000     0.0000000000000000       -0.0000000000000000     0.0000000000000000
    -0.0000000000000000     0.0000000000000000        0.0517458609491416    -0.0000000000000000        0.0000000000000001    -0.0000000000000000
    -0.0000000000000000     0.0000000000000000        0.0000000000000001    -0.0000000000000000       -0.0200188095286920     0.0000000000000000
    4    3
     0.0000000000000000     0.0000000000000000        0.0000000000000000     0.0000000000000000        0.0000000000000000     0.0000000000000000
     0.0000000000000000     0.0000000000000000       -0.0000000000000000    -0.0000000000000000       -0.0000000000000000    -0.0000000000000000
     0.0000000000000000     0.0000000000000000        0.0000000000000000    -0.0000000000000000       -0.0000000000000000    -0.0000000000000000
    4    4
     0.1645142920570687     0.0000000000000000        0.0000000000000000     0.0000000000000000        0.0000000000000000     0.0000000000000000
     0.0000000000000000     0.0000000000000000        0.1519232893068391     0.0000000000000000        0.0000000000000008     0.0000000000000000
     0.0000000000000000     0.0000000000000000        0.0000000000000008     0.0000000000000000        0.1255707855741467     0.0000000000000000
    4    5
     0.0420837905081434     0.0000000000000000        0.0000000000000000     0.0000000000000000        0.0000000000000000     0.0000000000000000
     0.0000000000000000     0.0000000000000000       -0.0899434874438576    -0.0000000000000000       -0.0000000000000005    -0.0000000000000000
     0.0000000000000000     0.0000000000000000       -0.0000000000000005    -0.0000000000000000       -0.0899434874438578    -0.0000000000000000
    5    1
     0.0000000000000000     0.0000000000000000        0.0000000000000000     0.0000000000000000        0.0000000000000000     0.0000000000000000
     0.0000000000000000     0.0000000000000000       -0.0000000000000000    -0.0000000000000000        0.0000000000000000     0.0000000000000000
     0.0000000000000000     0.0000000000000000        0.0000000000000000     0.0000000000000000        0.0000000000000000     0.0000000000000000
    5    2
    -0.1406121515393313     0.0000000000000000       -0.0000000000000000     0.0000000000000000       -0.0000000000000000     0.0000000000000000
    -0.0000000000000000     0.0000000000000000       -0.0200188095286919     0.0000000000000000        0.0000000000000001    -0.0000000000000000
    -0.0000000000000000     0.0000000000000000        0.0000000000000001    -0.0000000000000000        0.0517458609491417    -0.0000000000000000
    5    3
     0.0000000000000000     0.0000000000000000        0.0000000000000000     0.0000000000000000        0.0000000000000000     0.0000000000000000
     0.0000000000000000     0.0000000000000000       -0.0000000000000000    -0.0000000000000000        0.0000000000000000    -0.0000000000000000
     0.0000000000000000     0.0000000000000000       -0.0000000000000000    -0.0000000000000000       -0.0000000000000000    -0.0000000000000000
    5    4
     0.0420837905081434    -0.0000000000000000        0.0000000000000000    -0.0000000000000000        0.0000000000000000    -0.0000000000000000
     0.0000000000000000    -0.0000000000000000       -0.0899434874438576     0.0000000000000000       -0.0000000000000005     0.0000000000000000
     0.0000000000000000    -0.0000000000000000       -0.0000000000000005     0.0000000000000000       -0.0899434874438578     0.0000000000000000
    5    5
     0.1645142920570687     0.0000000000000000        0.0000000000000000     0.0000000000000000        0.0000000000000000     0.0000000000000000
     0.0000000000000000     0.0000000000000000        0.1255707855741464     0.0000000000000000        0.0000000000000009     0.0000000000000000
     0.0000000000000000     0.0000000000000000        0.0000000000000009     0.0000000000000000        0.1519232893068394     0.0000000000000000

     Dynamical Matrix in cartesian axes

     q = (     0.000000000000    -0.124495269738    -0.000000000000 )

    1    1
     0.1224730579617862     0.0000000000000000        0.0000000000000000     0.0000000000000000        0.0000000000000000     0.0000000000000000
     0.0000000000000000     0.0000000000000000        0.2683282251859258     0.0000000000000000        0.0000000000000011     0.0000000000000000
     0.0000000000000000     0.0000000000000000        0.0000000000000011     0.0000000000000000        0.1224730579617868     0.0000000000000000
    1    2
     0.0000000000000000    -0.0000000000000000        0.0000000000000000    -0.0000000000000000        0.0000000000000000    -0.0000000000000000
     0.0000000000000000    -0.0000000000000000        0.0000000000000000    -0.0000000000000000        0.0000000000000000    -0.0000000000000000
     0.0000000000000000    -0.0000000000000000        0.0000000000000000    -0.0000000000000000        0.0000000000000000    -0.0000000000000000
    1    3
     0.0000000000000000    -0.0000000000000000        0.0000000000000000    -0.0000000000000000       -0.0000000000000000    -0.0000000000000000
     0.0000000000000000    -0.0000000000000000        0.0000000000000000    -0.0000000000000000       -0.0000000000000000     0.0000000000000000
    -0.0000000000000000    -0.0000000000000000       -0.0000000000000000     0.0000000000000000       -0.0000000000000000     0.0000000000000000
    1    4
    -0.0181226553239143     0.0000000000000000       -0.0000000000000000     0.0000000000000000       -0.0000000000000000     0.0000000000000000
    -0.0000000000000000     0.0000000000000000       -0.1261492721850504     0.0000000000000000       -0.0000000000000004     0.0000000000000000
    -0.0000000000000000     0.0000000000000000       -0.0000000000000004     0.0000000000000000       -0.0181226553239144     0.0000000000000000
    1    5
    -0.0000000000000000     0.0000000000000000       -0.0000000000000000     0.0000000000000000        0.0000000000000000     0.0000000000000000
    -0.0000000000000000     0.0000000000000000        0.0000000000000000    -0.0000000000000000        0.0000000000000000    -0.0000000000000000
    -0.0000000000000000     0.0000000000000000        0.0000000000000000    -0.0000000000000000        0.0000000000000000    -0.0000000000000000
    2    1
     0.0000000000000000     0.0000000000000000        0.0000000000000000     0.0000000000000000        0.0000000000000000     0.0000000000000000
    -0.0000000000000000     0.0000000000000000        0.0000000000000000     0.0000000000000000        0.0000000000000000     0.0000000000000000
     0.0000000000000000     0.0000000000000000        0.0000000000000000     0.0000000000000000        0.0000000000000000     0.0000000000000000
    2    2
     0.0568661192151436     0.0000000000000000        0.0000000000000000     0.0000000000000000        0.0000000000000000     0.0000000000000000
     0.0000000000000000     0.0000000000000000        0.6107463093629117     0.0000000000000000        0.0000000000000017     0.0000000000000000
     0.0000000000000000     0.0000000000000000        0.0000000000000017     0.0000000000000000        0.0568661192151439     0.0000000000000000
    2    3
     0.0517458609491414    -0.0000000000000000        0.0000000000000000    -0.0000000000000000        0.0000000000000000    -0.0000000000000000
     0.0000000000000000    -0.0000000000000000       -0.1406121515393316     0.0000000000000000       -0.0000000000000004     0.0000000000000000
     0.0000000000000000    -0.0000000000000000       -0.0000000000000004     0.0000000000000000       -0.0200188095286920     0.0000000000000000
    2    4
    -0.0000000000000000    -0.0000000000000000       -0.0000000000000000    -0.0000000000000000       -0.0000000000000000    -0.0000000000000000
    -0.0000000000000000    -0.0000000000000000       -0.0000000000000000    -0.0000000000000000       -0.0000000000000000    -0.0000000000000000
    -0.0000000000000000    -0.0000000000000000       -0.0000000000000000    -0.0000000000000000       -0.0000000000000000    -0.0000000000000000
    2    5
    -0.0200188095286919     0.0000000000000000       -0.0000000000000000     0.0000000000000000       -0.0000000000000000     0.0000000000000000
    -0.0000000000000000     0.0000000000000000       -0.1406121515393316     0.0000000000000000       -0.0000000000000002     0.0000000000000000
    -0.0000000000000000     0.0000000000000000       -0.0000000000000002     0.0000000000000000        0.0517458609491417    -0.0000000000000000
    3    1
     0.0000000000000000     0.0000000000000000        0.0000000000000000     0.0000000000000000       -0.0000000000000000     0.0000000000000000
     0.0000000000000000     0.0000000000000000        0.0000000000000000     0.0000000000000000       -0.0000000000000000    -0.0000000000000000
     0.0000000000000000     0.0000000000000000       -0.0000000000000000    -0.0000000000000000       -0.0000000000000000    -0.0000000000000000
    3    2
     0.0517458609491414     0.0000000000000000        0.0000000000000000     0.0000000000000000        0.0000000000000000     0.0000000000000000
     0.0000000000000000     0.0000000000000000       -0.1406121515393316    -0.0000000000000000       -0.0000000000000004    -0.0000000000000000
     0.0000000000000000     0.0000000000000000       -0.0000000000000004    -0.0000000000000000       -0.0200188095286920    -0.0000000000000000
    3    3
     0.1519232893068387     0.0000000000000000        0.0000000000000000     0.0000000000000000        0.0000000000000000     0.0000000000000000
     0.0000000000000000     0.0000000000000000        0.1645142920570691     0.0000000000000000        0.0000000000000009     0.0000000000000000
     0.0000000000000000     0.0000000000000000        0.0000000000000009     0.0000000000000000        0.1255707855741467     0.0000000000000000
    3    4
    -0.0000000000000000    -0.0000000000000000       -0.0000000000000000    -0.0000000000000000       -0.0000000000000000    -0.0000000000000000
    -0.0000000000000000    -0.0000000000000000        0.0000000000000000     0.0000000000000000        0.0000000000000000     0.0000000000000000
    -0.0000000000000000    -0.0000000000000000        0.0000000000000000     0.0000000000000000       -0.0000000000000000    -0.0000000000000000
    3    5
    -0.0899434874438574     0.0000000000000000       -0.0000000000000000     0.0000000000000000       -0.0000000000000000     0.0000000000000000
    -0.0000000000000000     0.0000000000000000        0.0420837905081435    -0.0000000000000000       -0.0000000000000002     0.0000000000000000
    -0.0000000000000000     0.0000000000000000       -0.0000000000000002     0.0000000000000000       -0.0899434874438578     0.0000000000000000
    4    1
    -0.0181226553239143    -0.0000000000000000       -0.0000000000000000    -0.0000000000000000       -0.0000000000000000    -0.0000000000000000
    -0.0000000000000000    -0.0000000000000000       -0.1261492721850504    -0.0000000000000000       -0.0000000000000004    -0.0000000000000000
    -0.0000000000000000    -0.0000000000000000       -0.0000000000000004    -0.0000000000000000       -0.0181226553239144    -0.0000000000000000
    4    2
    -0.0000000000000000     0.0000000000000000       -0.0000000000000000     0.0000000000000000       -0.0000000000000000     0.0000000000000000
    -0.0000000000000000     0.0000000000000000       -0.0000000000000000     0.0000000000000000       -0.0000000000000000     0.0000000000000000
    -0.0000000000000000     0.0000000000000000       -0.0000000000000000     0.0000000000000000       -0.0000000000000000     0.0000000000000000
    4    3
    -0.0000000000000000     0.0000000000000000       -0.0000000000000000     0.0000000000000000        0.0000000000000000     0.0000000000000000
    -0.0000000000000000     0.0000000000000000        0.0000000000000000    -0.0000000000000000        0.0000000000000000    -0.0000000000000000
    -0.0000000000000000     0.0000000000000000        0.0000000000000000    -0.0000000000000000       -0.0000000000000000     0.0000000000000000
    4    4
     0.1317558421348627     0.0000000000000000        0.0000000000000000     0.0000000000000000        0.0000000000000000     0.0000000000000000
     0.0000000000000000     0.0000000000000000        0.5005381906155539     0.0000000000000000        0.0000000000000017     0.0000000000000000
     0.0000000000000000     0.0000000000000000        0.0000000000000017     0.0000000000000000        0.1317558421348634     0.0000000000000000
    4    5
    -0.0000000000000000     0.0000000000000000       -0.0000000000000000     0.0000000000000000       -0.0000000000000000     0.0000000000000000
    -0.0000000000000000     0.0000000000000000        0.0000000000000000    -0.0000000000000000        0.0000000000000000    -0.0000000000000000
     0.0000000000000000     0.0000000000000000        0.0000000000000000    -0.0000000000000000       -0.0000000000000000     0.0000000000000000
    5    1
    -0.0000000000000000    -0.0000000000000000       -0.0000000000000000    -0.0000000000000000       -0.0000000000000000    -0.0000000000000000
     0.0000000000000000    -0.0000000000000000        0.0000000000000000     0.0000000000000000        0.0000000000000000     0.0000000000000000
     0.0000000000000000    -0.0000000000000000        0.0000000000000000     0.0000000000000000        0.0000000000000000     0.0000000000000000
    5    2
    -0.0200188095286919    -0.0000000000000000       -0.0000000000000000    -0.0000000000000000       -0.0000000000000000    -0.0000000000000000
    -0.0000000000000000    -0.0000000000000000       -0.1406121515393316    -0.0000000000000000       -0.0000000000000002    -0.0000000000000000
    -0.0000000000000000    -0.0000000000000000       -0.0000000000000002    -0.0000000000000000        0.0517458609491417     0.0000000000000000
    5    3
    -0.0899434874438574    -0.0000000000000000       -0.0000000000000000    -0.0000000000000000       -0.0000000000000000    -0.0000000000000000
    -0.0000000000000000    -0.0000000000000000        0.0420837905081435     0.0000000000000000       -0.0000000000000002    -0.0000000000000000
    -0.0000000000000000    -0.0000000000000000       -0.0000000000000002    -0.0000000000000000       -0.0899434874438578    -0.0000000000000000
    5    4
    -0.0000000000000000    -0.0000000000000000       -0.0000000000000000    -0.0000000000000000        0.0000000000000000    -0.0000000000000000
    -0.0000000000000000    -0.0000000000000000        0.0000000000000000     0.0000000000000000        0.0000000000000000     0.0000000000000000
    -0.0000000000000000    -0.0000000000000000        0.0000000000000000     0.0000000000000000       -0.0000000000000000    -0.0000000000000000
    5    5
     0.1255707855741461     0.0000000000000000        0.0000000000000000     0.0000000000000000        0.0000000000000000     0.0000000000000000
     0.0000000000000000     0.0000000000000000        0.1645142920570691     0.0000000000000000        0.0000000000000010     0.0000000000000000
     0.0000000000000000     0.0000000000000000        0.0000000000000010     0.0000000000000000        0.1519232893068394     0.0000000000000000

     Dynamical Matrix in cartesian axes

     q = (     0.000000000000    -0.000000000000    -0.124495269738 )

    1    1
     0.1224730579617862     0.0000000000000000        0.0000000000000000     0.0000000000000000        0.0000000000000000     0.0000000000000000
     0.0000000000000000     0.0000000000000000        0.1224730579617865     0.0000000000000000        0.0000000000000013     0.0000000000000000
     0.0000000000000000     0.0000000000000000        0.0000000000000013     0.0000000000000000        0.2683282251859265     0.0000000000000000
    1    2
     0.0000000000000000    -0.0000000000000000        0.0000000000000000     0.0000000000000000        0.0000000000000000    -0.0000000000000000
     0.0000000000000000     0.0000000000000000        0.0000000000000000    -0.0000000000000000        0.0000000000000000    -0.0000000000000000
     0.0000000000000000    -0.0000000000000000        0.0000000000000000    -0.0000000000000000        0.0000000000000000    -0.0000000000000000
    1    3
     0.0000000000000000    -0.0000000000000000        0.0000000000000000    -0.0000000000000000        0.0000000000000000    -0.0000000000000000
    -0.0000000000000000    -0.0000000000000000       -0.0000000000000000     0.0000000000000000        0.0000000000000000    -0.0000000000000000
     0.0000000000000000    -0.0000000000000000        0.0000000000000000    -0.0000000000000000        0.0000000000000000    -0.0000000000000000
    1    4
    -0.0000000000000000     0.0000000000000000       -0.0000000000000000     0.0000000000000000       -0.0000000000000000     0.0000000000000000
     0.0000000000000000     0.0000000000000000        0.0000000000000000    -0.0000000000000000        0.0000000000000000    -0.0000000000000000
    -0.0000000000000000     0.0000000000000000        0.0000000000000000    -0.0000000000000000        0.0000000000000000    -0.0000000000000000
    1    5
    -0.0181226553239143     0.0000000000000000       -0.0000000000000000     0.0000000000000000        0.0000000000000000    -0.0000000000000000
    -0.0000000000000000     0.0000000000000000       -0.0181226553239144     0.0000000000000000       -0.0000000000000005     0.0000000000000000
     0.0000000000000000    -0.0000000000000000       -0.0000000000000005     0.0000000000000000       -0.1261492721850507     0.0000000000000000
    2    1
     0.0000000000000000     0.0000000000000000        0.0000000000000000    -0.0000000000000000        0.0000000000000000     0.0000000000000000
     0.0000000000000000    -0.0000000000000000        0.0000000000000000     0.0000000000000000        0.0000000000000000     0.0000000000000000
    -0.0000000000000000     0.0000000000000000        0.0000000000000000     0.0000000000000000        0.0000000000000000     0.0000000000000000
    2    2
     0.0568661192151436     0.0000000000000000        0.0000000000000000     0.0000000000000000       -0.0000000000000000     0.0000000000000000
     0.0000000000000000     0.0000000000000000        0.0568661192151438     0.0000000000000000        0.0000000000000024     0.0000000000000000
    -0.0000000000000000     0.0000000000000000        0.0000000000000024     0.0000000000000000        0.6107463093629133     0.0000000000000000
    2    3
     0.0517458609491414     0.0000000000000000        0.0000000000000000     0.0000000000000000        0.0000000000000000     0.0000000000000000
     0.0000000000000000     0.0000000000000000       -0.0200188095286919    -0.0000000000000000       -0.0000000000000006    -0.0000000000000000
     0.0000000000000000     0.0000000000000000       -0.0000000000000006    -0.0000000000000000       -0.1406121515393320    -0.0000000000000000
    2    4
    -0.0200188095286919     0.0000000000000000       -0.0000000000000000     0.0000000000000000        0.0000000000000000    -0.0000000000000000
    -0.0000000000000000     0.0000000000000000        0.0517458609491416    -0.0000000000000000       -0.0000000000000004     0.0000000000000000
     0.0000000000000000    -0.0000000000000000       -0.0000000000000004     0.0000000000000000       -0.1406121515393320     0.0000000000000001
    2    5
    -0.0000000000000000    -0.0000000000000000        0.0000000000000000    -0.0000000000000000       -0.0000000000000000    -0.0000000000000000
     0.0000000000000000    -0.0000000000000000       -0.0000000000000000    -0.0000000000000000       -0.0000000000000000    -0.0000000000000000
    -0.0000000000000000    -0.0000000000000000       -0.0000000000000000    -0.0000000000000000       -0.0000000000000000    -0.0000000000000000
    3    1
     0.0000000000000000     0.0000000000000000        0.0000000000000000     0.0000000000000000        0.0000000000000000     0.0000000000000000
    -0.0000000000000000     0.0000000000000000       -0.0000000000000000    -0.0000000000000000        0.0000000000000000     0.0000000000000000
     0.0000000000000000     0.0000000000000000        0.0000000000000000     0.0000000000000000        0.0000000000000000     0.0000000000000000
    3    2
     0.0517458609491414    -0.0000000000000000        0.0000000000000000    -0.0000000000000000        0.0000000000000000    -0.0000000000000000
     0.0000000000000000    -0.0000000000000000       -0.0200188095286919     0.0000000000000000       -0.0000000000000006     0.0000000000000000
     0.0000000000000000    -0.0000000000000000       -0.0000000000000006     0.0000000000000000       -0.1406121515393320     0.0000000000000000
    3    3
     0.1519232893068387     0.0000000000000000        0.0000000000000000     0.0000000000000000        0.0000000000000000     0.0000000000000000
     0.0000000000000000     0.0000000000000000        0.1255707855741464     0.0000000000000000        0.0000000000000009     0.0000000000000000
     0.0000000000000000     0.0000000000000000        0.0000000000000009     0.0000000000000000        0.1645142920570695     0.0000000000000000
    3    4
    -0.0899434874438574     0.0000000000000001       -0.0000000000000000     0.0000000000000000       -0.0000000000000000     0.0000000000000000
    -0.0000000000000000     0.0000000000000000       -0.0899434874438576     0.0000000000000001       -0.0000000000000001     0.0000000000000000
    -0.0000000000000000     0.0000000000000000       -0.0000000000000001     0.0000000000000000        0.0420837905081436    -0.0000000000000000
    3    5
    -0.0000000000000000    -0.0000000000000000       -0.0000000000000000    -0.0000000000000000       -0.0000000000000000    -0.0000000000000000
    -0.0000000000000000    -0.0000000000000000       -0.0000000000000000    -0.0000000000000000        0.0000000000000000     0.0000000000000000
    -0.0000000000000000    -0.0000000000000000        0.0000000000000000     0.0000000000000000        0.0000000000000000     0.0000000000000000
    4    1
    -0.0000000000000000    -0.0000000000000000        0.0000000000000000    -0.0000000000000000       -0.0000000000000000    -0.0000000000000000
    -0.0000000000000000    -0.0000000000000000        0.0000000000000000     0.0000000000000000        0.0000000000000000     0.0000000000000000
    -0.0000000000000000    -0.0000000000000000        0.0000000000000000     0.0000000000000000        0.0000000000000000     0.0000000000000000
    4    2
    -0.0200188095286919    -0.0000000000000000       -0.0000000000000000    -0.0000000000000000        0.0000000000000000     0.0000000000000000
    -0.0000000000000000    -0.0000000000000000        0.0517458609491416     0.0000000000000000       -0.0000000000000004    -0.0000000000000000
     0.0000000000000000     0.0000000000000000       -0.0000000000000004    -0.0000000000000000       -0.1406121515393320    -0.0000000000000001
    4    3
    -0.0899434874438574    -0.0000000000000001       -0.0000000000000000    -0.0000000000000000       -0.0000000000000000    -0.0000000000000000
    -0.0000000000000000    -0.0000000000000000       -0.0899434874438576    -0.0000000000000001       -0.0000000000000001    -0.0000000000000000
    -0.0000000000000000    -0.0000000000000000       -0.0000000000000001    -0.0000000000000000        0.0420837905081436     0.0000000000000000
    4    4
     0.1255707855741461     0.0000000000000000        0.0000000000000000     0.0000000000000000        0.0000000000000000     0.0000000000000000
     0.0000000000000000     0.0000000000000000        0.1519232893068391     0.0000000000000000        0.0000000000000010     0.0000000000000000
     0.0000000000000000     0.0000000000000000        0.0000000000000010     0.0000000000000000        0.1645142920570695     0.0000000000000000
    4    5
    -0.0000000000000000    -0.0000000000000000       -0.0000000000000000    -0.0000000000000000       -0.0000000000000000    -0.0000000000000000
     0.0000000000000000    -0.0000000000000000       -0.0000000000000000    -0.0000000000000000        0.0000000000000000     0.0000000000000000
    -0.0000000000000000    -0.0000000000000000        0.0000000000000000     0.0000000000000000        0.0000000000000000     0.0000000000000000
    5    1
    -0.0181226553239143    -0.0000000000000000       -0.0000000000000000    -0.0000000000000000        0.0000000000000000     0.0000000000000000
    -0.0000000000000000    -0.0000000000000000       -0.0181226553239144    -0.0000000000000000       -0.0000000000000005    -0.0000000000000000
     0.0000000000000000     0.0000000000000000       -0.0000000000000005    -0.0000000000000000       -0.1261492721850507    -0.0000000000000000
    5    2
    -0.0000000000000000     0.0000000000000000        0.0000000000000000     0.0000000000000000       -0.0000000000000000     0.0000000000000000
    -0.0000000000000000     0.0000000000000000       -0.0000000000000000     0.0000000000000000       -0.0000000000000000     0.0000000000000000
    -0.0000000000000000     0.0000000000000000       -0.0000000000000000     0.0000000000000000       -0.0000000000000000     0.0000000000000000
    5    3
    -0.0000000000000000     0.0000000000000000       -0.0000000000000000     0.0000000000000000       -0.0000000000000000     0.0000000000000000
    -0.0000000000000000     0.0000000000000000       -0.0000000000000000     0.0000000000000000        0.0000000000000000    -0.0000000000000000
    -0.0000000000000000     0.0000000000000000        0.0000000000000000    -0.0000000000000000        0.0000000000000000    -0.0000000000000000
    5    4
    -0.0000000000000000     0.0000000000000000       -0.0000000000000000     0.0000000000000000       -0.0000000000000000     0.0000000000000000
    -0.0000000000000000     0.0000000000000000       -0.0000000000000000     0.0000000000000000        0.0000000000000000    -0.0000000000000000
    -0.0000000000000000     0.0000000000000000        0.0000000000000000    -0.0000000000000000        0.0000000000000000    -0.0000000000000000
    5    5
     0.1317558421348627     0.0000000000000000        0.0000000000000000     0.0000000000000000        0.0000000000000000     0.0000000000000000
     0.0000000000000000     0.0000000000000000        0.1317558421348630     0.0000000000000000        0.0000000000000021     0.0000000000000000
     0.0000000000000000     0.0000000000000000        0.0000000000000021     0.0000000000000000        0.5005381906155552     0.0000000000000000

     Diagonalizing the dynamical matrix

     q = (    -0.124495269738    -0.000000000000    -0.000000000000 )

***************************************************************************
   freq (    1) =     2.93454894 [THz] =    97.88600222 [cm-1]
(  -0.000000  0.000000  -0.000000 -0.000000   0.000000  0.000000 )
(  -0.000000 -0.000000   0.807066  0.000000  -0.323006 -0.000000 )
(   0.000000  0.000000  -0.000000  0.000000   0.000000  0.000000 )
(  -0.000000 -0.000000  -0.418412 -0.000000   0.075421  0.000000 )
(  -0.000000  0.000000  -0.188447 -0.000000   0.167458  0.000000 )
   freq (    2) =     2.93454894 [THz] =    97.88600222 [cm-1]
(  -0.000000  0.000000  -0.000000 -0.000000   0.000000  0.000000 )
(   0.000000 -0.000000  -0.323006  0.000000  -0.807066  0.000000 )
(   0.000000  0.000000  -0.000000  0.000000   0.000000  0.000000 )
(   0.000000  0.000000   0.167458 -0.000000   0.188447 -0.000000 )
(   0.000000 -0.000000   0.075421 -0.000000   0.418412 -0.000000 )
   freq (    3) =     3.21701193 [THz] =   107.30795202 [cm-1]
(   0.000000  0.000000   0.819933  0.000000  -0.551900 -0.000000 )
(  -0.000000  0.000000   0.000000  0.000000  -0.000000 -0.000000 )
(   0.000000 -0.000000   0.126128  0.000000  -0.084897 -0.000000 )
(  -0.000000  0.000000  -0.000000 -0.000000   0.000000 -0.000000 )
(  -0.000000  0.000000  -0.000000 -0.000000   0.000000 -0.000000 )
   freq (    4) =     3.21701193 [THz] =   107.30795202 [cm-1]
(   0.000000  0.000000  -0.551900  0.000000  -0.819933  0.000000 )
(   0.000000 -0.000000  -0.000000 -0.000000   0.000000  0.000000 )
(   0.000000  0.000000  -0.084897  0.000000  -0.126128  0.000000 )
(   0.000000 -0.000000   0.000000  0.000000  -0.000000  0.000000 )
(   0.000000 -0.000000   0.000000  0.000000  -0.000000  0.000000 )
   freq (    5) =     4.50491897 [THz] =   150.26790066 [cm-1]
(   0.966253  0.000000   0.000000 -0.000000   0.000000 -0.000000 )
(  -0.000000 -0.000000   0.000000  0.000000  -0.000000 -0.000000 )
(   0.257594 -0.000000  -0.000000 -0.000000   0.000000 -0.000000 )
(  -0.000000  0.000000  -0.000000 -0.000000   0.000000 -0.000000 )
(  -0.000000  0.000000  -0.000000  0.000000   0.000000 -0.000000 )
   freq (    6) =     6.15189867 [THz] =   205.20522212 [cm-1]
(  -0.000000  0.000000   0.000000 -0.000000   0.000000 -0.000000 )
(   0.000000 -0.000000  -0.129828  0.000000   0.103240 -0.000000 )
(   0.000000 -0.000000   0.000000 -0.000000  -0.000000  0.000000 )
(  -0.000000 -0.000000  -0.475345  0.000000   0.483579 -0.000000 )
(  -0.000000  0.000000  -0.608113  0.000000   0.378000 -0.000000 )
   freq (    7) =     6.15189867 [THz] =   205.20522212 [cm-1]
(  -0.000000  0.000000   0.000000  0.000000   0.000000 -0.000000 )
(   0.000000  0.000000  -0.103240 -0.000000  -0.129828 -0.000000 )
(   0.000000  0.000000   0.000000 -0.000000  -0.000000  0.000000 )
(   0.000000  0.000000  -0.378000 -0.000000  -0.608113 -0.000000 )
(  -0.000000 -0.000000  -0.483579  0.000000  -0.475345  0.000000 )
   freq (    8) =     8.19097385 [THz] =   273.22143917 [cm-1]
(   0.000000  0.000000   0.000000  0.000000   0.000000 -0.000000 )
(   0.504532  0.000000   0.000000  0.000000   0.000000 -0.000000 )
(  -0.000000  0.000000  -0.000000 -0.000000   0.000000 -0.000000 )
(   0.610511 -0.000000   0.000000 -0.000000   0.000000 -0.000000 )
(   0.610511 -0.000000   0.000000 -0.000000   0.000000 -0.000000 )
   freq (    9) =     9.53253941 [THz] =   317.97124267 [cm-1]
(  -0.000000  0.000000  -0.000000 -0.000000   0.000000  0.000000 )
(  -0.000000 -0.000000  -0.000000 -0.000000  -0.000000 -0.000000 )
(   0.000000 -0.000000   0.000000 -0.000000  -0.000000  0.000000 )
(  -0.707107 -0.000000  -0.000000 -0.000000  -0.000000  0.000000 )
(   0.707107  0.000000  -0.000000 -0.000000  -0.000000  0.000000 )
   freq (   10) =     9.90109778 [THz] =   330.26502488 [cm-1]
(  -0.000000  0.000000  -0.014045  0.000000   0.011126 -0.000000 )
(   0.000000 -0.000000   0.000000 -0.000000  -0.000000 -0.000000 )
(   0.000000 -0.000000   0.783723 -0.000000  -0.620852  0.000000 )
(   0.000000 -0.000000  -0.000000  0.000000  -0.000000  0.000000 )
(   0.000000 -0.000000   0.000000 -0.000000   0.000000 -0.000000 )
   freq (   11) =     9.90109778 [THz] =   330.26502488 [cm-1]
(   0.000000  0.000000  -0.011126 -0.000000  -0.014045 -0.000000 )
(  -0.000000 -0.000000   0.000000 -0.000000  -0.000000 -0.000000 )
(  -0.000000  0.000000   0.620852 -0.000000   0.783723 -0.000000 )
(  -0.000000 -0.000000  -0.000000  0.000000  -0.000000  0.000000 )
(  -0.000000  0.000000   0.000000 -0.000000   0.000000 -0.000000 )
   freq (   12) =    13.17607371 [THz] =   439.50644781 [cm-1]
(   0.000000  0.000000  -0.000000 -0.000000   0.000000  0.000000 )
(  -0.000000  0.000000   0.063718  0.000000   0.050362  0.000000 )
(   0.000000 -0.000000   0.000000 -0.000000  -0.000000  0.000000 )
(  -0.000000 -0.000000   0.595798 -0.000000  -0.400265  0.000000 )
(   0.000000  0.000000  -0.506418  0.000000   0.470910 -0.000000 )
   freq (   13) =    13.17607371 [THz] =   439.50644781 [cm-1]
(  -0.000000  0.000000   0.000000 -0.000000  -0.000000 -0.000000 )
(   0.000000  0.000000  -0.050362  0.000000   0.063718 -0.000000 )
(   0.000000  0.000000  -0.000000  0.000000   0.000000 -0.000000 )
(  -0.000000 -0.000000  -0.470910  0.000000  -0.506418  0.000000 )
(   0.000000  0.000000   0.400265 -0.000000   0.595798 -0.000000 )
   freq (   14) =    15.41942620 [THz] =   514.33662135 [cm-1]
(   0.000000  0.000000  -0.000000  0.000000  -0.000000  0.000000 )
(  -0.496496 -0.000000  -0.000000 -0.000000   0.000000 -0.000000 )
(  -0.000000  0.000000   0.000000 -0.000000   0.000000 -0.000000 )
(   0.613796 -0.000000  -0.000000 -0.000000   0.000000  0.000000 )
(   0.613796 -0.000000   0.000000 -0.000000   0.000000 -0.000000 )
   freq (   15) =    19.34975762 [THz] =   645.43834703 [cm-1]
(  -0.031044  0.000000   0.000000 -0.000000  -0.000000 -0.000000 )
(  -0.000000 -0.000000  -0.000000 -0.000000  -0.000000 -0.000000 )
(   0.999518 -0.000000   0.000000 -0.000000   0.000000 -0.000000 )
(   0.000000 -0.000000   0.000000  0.000000   0.000000 -0.000000 )
(   0.000000 -0.000000  -0.000000  0.000000   0.000000 -0.000000 )
***************************************************************************
