Dynamical matrix file
File generated with the CellConstructor by Lorenzo Monacelli
3 5 0     1.8897259890000000     0.0000000000000000     0.0000000000000000     0.0000000000000000     0.0000000000000000     0.0000000000000000
Basis vectors
    4.0162168494695329     0.0000000000000000     0.0000000000000001
   -0.0000000000000002     4.0162168494695285    -0.0000000000000146
   -0.0000000000000005    -0.0000000000000098     4.0162168494695232
	1  'Ba '  125165.9077335107867839
	2  'Ti '  43628.1030349454958923
	3  'O '  14582.1969301625977096
    1     1     0.0000000000000004    -0.0000000000000001    -0.0000000000000001
    2     2     2.0081084247347665     2.0081084247347594     2.0081084247347545
    3     3     0.0000000000000005     2.0081084247347594     2.0081084247347545
    4     3     2.0081084247347665    -0.0000000000000058     2.0081084247347607
    5     3     2.0081084247347669     2.0081084247347638    -0.0000000000000072

     Dynamical Matrix in cartesian axes

     q = (     0.124495269738    -0.124495269738     0.124495269738 )

    1    1
     0.1749384030049912     0.0000000000000000        0.0000000000000000     0.0000000000000000        0.0000000000000000     0.0000000000000000
     0.0000000000000000     0.0000000000000000        0.1749384030049916     0.0000000000000000        0.0000000000000011     0.0000000000000000
     0.0000000000000000     0.0000000000000000        0.0000000000000011     0.0000000000000000        0.1749384030049920     0.0000000000000000
    1    2
     0.0000000000000000     0.0000000000000000       -0.0000000000000000     0.0000000000000000        0.0000000000000000     0.0000000000000000
    -0.0000000000000000     0.0000000000000000        0.0000000000000000     0.0000000000000000       -0.0000000000000000     0.0000000000000000
     0.0000000000000000     0.0000000000000000       -0.0000000000000000     0.0000000000000000        0.0000000000000000     0.0000000000000000
    1    3
    -0.0000000000000000     0.0000000000000000        0.0000000000000000     0.0000000000000000        0.0000000000000000     0.0000000000000000
     0.0000000000000000     0.0000000000000000       -0.0000000000000000     0.0000000000000000       -0.0050943685596402     0.0000000000000000
     0.0000000000000000     0.0000000000000000       -0.0050943685596402     0.0000000000000000       -0.0000000000000000     0.0000000000000000
    1    4
     0.0000000000000000     0.0000000000000000       -0.0000000000000000     0.0000000000000000       -0.0050943685596402     0.0000000000000000
    -0.0000000000000000     0.0000000000000000       -0.0000000000000000     0.0000000000000000       -0.0000000000000000     0.0000000000000000
    -0.0050943685596402     0.0000000000000000       -0.0000000000000000     0.0000000000000000       -0.0000000000000000     0.0000000000000000
    1    5
     0.0000000000000000     0.0000000000000000       -0.0050943685596402     0.0000000000000000       -0.0000000000000000     0.0000000000000000
    -0.0050943685596402     0.0000000000000000       -0.0000000000000000     0.0000000000000000       -0.0000000000000000     0.0000000000000000
    -0.0000000000000000     0.0000000000000000       -0.0000000000000000     0.0000000000000000       -0.0000000000000000     0.0000000000000000
    2    1
     0.0000000000000000     0.0000000000000000       -0.0000000000000000     0.0000000000000000        0.0000000000000000     0.0000000000000000
    -0.0000000000000000     0.0000000000000000        0.0000000000000000     0.0000000000000000       -0.0000000000000000     0.0000000000000000
     0.0000000000000000     0.0000000000000000       -0.0000000000000000     0.0000000000000000        0.0000000000000000     0.0000000000000000
    2    2
     0.5572236746820449     0.0000000000000000        0.0000000000000000     0.0000000000000000        0.0000000000000001     0.0000000000000000
     0.0000000000000000     0.0000000000000000        0.5572236746820461     0.0000000000000000        0.0000000000000034     0.0000000000000000
     0.0000000000000001     0.0000000000000000        0.0000000000000034     0.0000000000000000        0.5572236746820475     0.0000000000000000
    2    3
     0.0000000000000000     0.0000000000000000       -0.0000000000000000     0.0000000000000000        0.0000000000000000     0.0000000000000000
     0.0000000000000000     0.0000000000000000        0.0000000000000000     0.0000000000000000        0.0000000000000000     0.0000000000000000
     0.0000000000000000     0.0000000000000000        0.0000000000000000     0.0000000000000000        0.0000000000000000     0.0000000000000000
    2    4
     0.0000000000000000     0.0000000000000000        0.0000000000000000     0.0000000000000000        0.0000000000000000     0.0000000000000000
     0.0000000000000000     0.0000000000000000        0.0000000000000000     0.0000000000000000       -0.0000000000000000     0.0000000000000000
    -0.0000000000000000     0.0000000000000000        0.0000000000000000     0.0000000000000000        0.0000000000000000     0.0000000000000000
    2    5
     0.0000000000000000     0.0000000000000000       -0.0000000000000000     0.0000000000000000        0.0000000000000000     0.0000000000000000
    -0.0000000000000000     0.0000000000000000        0.0000000000000000     0.0000000000000000        0.0000000000000000     0.0000000000000000
    -0.0000000000000000     0.0000000000000000       -0.0000000000000000     0.0000000000000000        0.0000000000000000     0.0000000000000000
    3    1
    -0.0000000000000000     0.0000000000000000        0.0000000000000000     0.0000000000000000        0.0000000000000000     0.0000000000000000
     0.0000000000000000     0.0000000000000000       -0.0000000000000000     0.0000000000000000       -0.0050943685596402     0.0000000000000000
     0.0000000000000000     0.0000000000000000       -0.0050943685596402     0.0000000000000000       -0.0000000000000000     0.0000000000000000
    3    2
     0.0000000000000000     0.0000000000000000        0.0000000000000000     0.0000000000000000        0.0000000000000000     0.0000000000000000
    -0.0000000000000000     0.0000000000000000        0.0000000000000000     0.0000000000000000        0.0000000000000000     0.0000000000000000
    -0.0000000000000000     0.0000000000000000        0.0000000000000000     0.0000000000000000        0.0000000000000000     0.0000000000000000
    3    3
     0.3467487256544651     0.0000000000000000        0.0000000000000000     0.0000000000000000        0.0000000000000000     0.0000000000000000
     0.0000000000000000     0.0000000000000000        0.1270962778359462     0.0000000000000000        0.0000000000000008     0.0000000000000000
     0.0000000000000000     0.0000000000000000        0.0000000000000008     0.0000000000000000        0.1270962778359465     0.0000000000000000
    3    4
    -0.0000000000000000     0.0000000000000000        0.1581241615565044     0.0000000000000000        0.0000000000000004     0.0000000000000000
     0.0875782284763748     0.0000000000000000        0.0000000000000000     0.0000000000000000        0.0000000000000000     0.0000000000000000
     0.0000000000000002     0.0000000000000000        0.0000000000000000     0.0000000000000000        0.0000000000000000     0.0000000000000000
    3    5
    -0.0000000000000000     0.0000000000000000        0.0000000000000006     0.0000000000000000        0.1581241615565052     0.0000000000000000
     0.0000000000000003     0.0000000000000000        0.0000000000000000     0.0000000000000000        0.0000000000000000     0.0000000000000000
     0.0875782284763752     0.0000000000000000        0.0000000000000000     0.0000000000000000        0.0000000000000000     0.0000000000000000
    4    1
     0.0000000000000000     0.0000000000000000       -0.0000000000000000     0.0000000000000000       -0.0050943685596402     0.0000000000000000
    -0.0000000000000000     0.0000000000000000       -0.0000000000000000     0.0000000000000000       -0.0000000000000000     0.0000000000000000
    -0.0050943685596402     0.0000000000000000       -0.0000000000000000     0.0000000000000000       -0.0000000000000000     0.0000000000000000
    4    2
     0.0000000000000000     0.0000000000000000       -0.0000000000000000     0.0000000000000000       -0.0000000000000000     0.0000000000000000
     0.0000000000000000     0.0000000000000000        0.0000000000000000     0.0000000000000000        0.0000000000000000     0.0000000000000000
     0.0000000000000000     0.0000000000000000       -0.0000000000000000     0.0000000000000000        0.0000000000000000     0.0000000000000000
    4    3
    -0.0000000000000000     0.0000000000000000        0.0875782284763748     0.0000000000000000        0.0000000000000002     0.0000000000000000
     0.1581241615565044     0.0000000000000000        0.0000000000000000     0.0000000000000000        0.0000000000000000     0.0000000000000000
     0.0000000000000004     0.0000000000000000        0.0000000000000000     0.0000000000000000        0.0000000000000000     0.0000000000000000
    4    4
     0.1270962778359459     0.0000000000000000        0.0000000000000000     0.0000000000000000        0.0000000000000000     0.0000000000000000
     0.0000000000000000     0.0000000000000000        0.3467487256544659     0.0000000000000000        0.0000000000000013     0.0000000000000000
     0.0000000000000000     0.0000000000000000        0.0000000000000013     0.0000000000000000        0.1270962778359465     0.0000000000000000
    4    5
     0.0000000000000000     0.0000000000000000       -0.0000000000000000     0.0000000000000000       -0.0000000000000000     0.0000000000000000
    -0.0000000000000000     0.0000000000000000        0.0000000000000009     0.0000000000000000        0.1581241615565047     0.0000000000000000
    -0.0000000000000000     0.0000000000000000        0.0875782284763750     0.0000000000000000        0.0000000000000006     0.0000000000000000
    5    1
     0.0000000000000000     0.0000000000000000       -0.0050943685596402     0.0000000000000000       -0.0000000000000000     0.0000000000000000
    -0.0050943685596402     0.0000000000000000       -0.0000000000000000     0.0000000000000000       -0.0000000000000000     0.0000000000000000
    -0.0000000000000000     0.0000000000000000       -0.0000000000000000     0.0000000000000000       -0.0000000000000000     0.0000000000000000
    5    2
     0.0000000000000000     0.0000000000000000       -0.0000000000000000     0.0000000000000000        0.0000000000000000     0.0000000000000000
     0.0000000000000000     0.0000000000000000        0.0000000000000000     0.0000000000000000        0.0000000000000000     0.0000000000000000
     0.0000000000000000     0.0000000000000000        0.0000000000000000     0.0000000000000000        0.0000000000000000     0.0000000000000000
    5    3
    -0.0000000000000000     0.0000000000000000        0.0000000000000003     0.0000000000000000        0.0875782284763752     0.0000000000000000
     0.0000000000000006     0.0000000000000000        0.0000000000000000     0.0000000000000000        0.0000000000000000     0.0000000000000000
     0.1581241615565052     0.0000000000000000        0.0000000000000000     0.0000000000000000        0.0000000000000000     0.0000000000000000
    5    4
     0.0000000000000000     0.0000000000000000       -0.0000000000000000     0.0000000000000000       -0.0000000000000000     0.0000000000000000
    -0.0000000000000000     0.0000000000000000        0.0000000000000009     0.0000000000000000        0.0875782284763750     0.0000000000000000
    -0.0000000000000000     0.0000000000000000        0.1581241615565047     0.0000000000000000        0.0000000000000006     0.0000000000000000
    5    5
     0.1270962778359459     0.0000000000000000        0.0000000000000000     0.0000000000000000        0.0000000000000000     0.0000000000000000
     0.0000000000000000     0.0000000000000000        0.1270962778359462     0.0000000000000000        0.0000000000000016     0.0000000000000000
     0.0000000000000000     0.0000000000000000        0.0000000000000016     0.0000000000000000        0.3467487256544668     0.0000000000000000

     Diagonalizing the dynamical matrix

     q = (     0.124495269738    -0.124495269738     0.124495269738 )

***************************************************************************
   freq (    1) =     3.88635994 [THz] =   129.63499524 [cm-1]
(   0.999215  0.000000  -0.003975  0.000000  -0.013459  0.000000 )
(  -0.000000  0.000000  -0.000000  0.000000  -0.000000  0.000000 )
(   0.000000  0.000000  -0.000353  0.000000  -0.000104  0.000000 )
(  -0.000353  0.000000  -0.000000  0.000000   0.026195  0.000000 )
(  -0.000104  0.000000   0.026195  0.000000  -0.000000  0.000000 )
   freq (    2) =     3.88635994 [THz] =   129.63499524 [cm-1]
(  -0.003792  0.000000   0.846260  0.000000  -0.531467  0.000000 )
(  -0.000000  0.000000  -0.000000  0.000000   0.000000  0.000000 )
(  -0.000000  0.000000  -0.013933  0.000000   0.022185  0.000000 )
(  -0.013933  0.000000   0.000000  0.000000  -0.000099  0.000000 )
(   0.022185  0.000000  -0.000099  0.000000  -0.000000  0.000000 )
   freq (    3) =     3.88635994 [THz] =   129.63499524 [cm-1]
(   0.013512  0.000000   0.531466  0.000000   0.846161  0.000000 )
(  -0.000000  0.000000   0.000000  0.000000   0.000000  0.000000 )
(  -0.000000  0.000000   0.022183  0.000000   0.013933  0.000000 )
(   0.022183  0.000000   0.000000  0.000000   0.000354  0.000000 )
(   0.013933  0.000000   0.000354  0.000000   0.000000  0.000000 )
   freq (    4) =     5.41578662 [THz] =   180.65117036 [cm-1]
(  -0.000000  0.000000   0.000000  0.000000  -0.000000  0.000000 )
(   0.000000  0.000000   0.000000  0.000000  -0.000000  0.000000 )
(  -0.000000  0.000000  -0.312936  0.000000   0.634088  0.000000 )
(   0.312936  0.000000  -0.000000  0.000000  -0.001809  0.000000 )
(  -0.634088  0.000000   0.001809  0.000000   0.000000  0.000000 )
   freq (    5) =     5.41578662 [THz] =   180.65117036 [cm-1]
(   0.000000  0.000000   0.000000  0.000000  -0.000000  0.000000 )
(  -0.000000  0.000000  -0.000000  0.000000  -0.000000  0.000000 )
(  -0.000000  0.000000   0.634024  0.000000   0.312931  0.000000 )
(  -0.634024  0.000000   0.000000  0.000000   0.009344  0.000000 )
(  -0.312931  0.000000  -0.009344  0.000000  -0.000000  0.000000 )
   freq (    6) =     5.41578662 [THz] =   180.65117036 [cm-1]
(  -0.000000  0.000000  -0.000000  0.000000  -0.000000  0.000000 )
(   0.000000  0.000000  -0.000000  0.000000   0.000000  0.000000 )
(   0.000000  0.000000   0.009180  0.000000   0.002514  0.000000 )
(  -0.009180  0.000000   0.000000  0.000000  -0.707043  0.000000 )
(  -0.002514  0.000000   0.707043  0.000000  -0.000000  0.000000 )
   freq (    7) =    11.75728077 [THz] =   392.18061594 [cm-1]
(  -0.000000  0.000000   0.000000  0.000000  -0.000000  0.000000 )
(  -0.063407  0.000000   0.747642  0.000000  -0.661068  0.000000 )
(   0.000000  0.000000   0.000000  0.000000   0.000000  0.000000 )
(  -0.000000  0.000000  -0.000000  0.000000  -0.000000  0.000000 )
(   0.000000  0.000000   0.000000  0.000000  -0.000000  0.000000 )
   freq (    8) =    11.75728077 [THz] =   392.18061594 [cm-1]
(   0.000000  0.000000  -0.000000  0.000000  -0.000000  0.000000 )
(  -0.997230  0.000000  -0.021654  0.000000   0.071161  0.000000 )
(  -0.000000  0.000000  -0.000000  0.000000  -0.000000  0.000000 )
(   0.000000  0.000000   0.000000  0.000000  -0.000000  0.000000 )
(  -0.000000  0.000000   0.000000  0.000000   0.000000  0.000000 )
   freq (    9) =    11.75728077 [THz] =   392.18061594 [cm-1]
(   0.000000  0.000000   0.000000  0.000000   0.000000  0.000000 )
(  -0.038888  0.000000  -0.663749  0.000000  -0.746944  0.000000 )
(  -0.000000  0.000000  -0.000000  0.000000  -0.000000  0.000000 )
(   0.000000  0.000000   0.000000  0.000000   0.000000  0.000000 )
(  -0.000000  0.000000  -0.000000  0.000000   0.000000  0.000000 )
   freq (   10) =    11.83212964 [THz] =   394.67730536 [cm-1]
(  -0.000000  0.000000   0.000000  0.000000   0.000000  0.000000 )
(  -0.000000  0.000000  -0.000000  0.000000  -0.000000  0.000000 )
(   0.806157  0.000000  -0.000000  0.000000  -0.000000  0.000000 )
(  -0.000000  0.000000  -0.290904  0.000000   0.000000  0.000000 )
(  -0.000000  0.000000   0.000000  0.000000  -0.515253  0.000000 )
   freq (   11) =    11.83212964 [THz] =   394.67730536 [cm-1]
(  -0.000000  0.000000   0.000000  0.000000  -0.000000  0.000000 )
(   0.000000  0.000000  -0.000000  0.000000   0.000000  0.000000 )
(   0.129528  0.000000   0.000000  0.000000   0.000000  0.000000 )
(  -0.000000  0.000000  -0.762917  0.000000   0.000000  0.000000 )
(   0.000000  0.000000   0.000000  0.000000   0.633388  0.000000 )
   freq (   12) =    12.62366631 [THz] =   421.08012285 [cm-1]
(   0.000042  0.000000   0.002107  0.000000  -0.003770  0.000000 )
(  -0.000000  0.000000   0.000000  0.000000  -0.000000  0.000000 )
(   0.000000  0.000000   0.617214  0.000000  -0.344950  0.000000 )
(   0.617214  0.000000  -0.000000  0.000000  -0.006907  0.000000 )
(  -0.344950  0.000000  -0.006907  0.000000   0.000000  0.000000 )
   freq (   13) =    12.62366631 [THz] =   421.08012285 [cm-1]
(   0.004319  0.000000  -0.000071  0.000000   0.000009  0.000000 )
(   0.000000  0.000000  -0.000000  0.000000   0.000000  0.000000 )
(   0.000000  0.000000  -0.001426  0.000000   0.011605  0.000000 )
(  -0.001426  0.000000  -0.000000  0.000000  -0.707004  0.000000 )
(   0.011605  0.000000  -0.707004  0.000000  -0.000000  0.000000 )
   freq (   14) =    12.62366631 [THz] =   421.08012285 [cm-1]
(   0.000058  0.000000   0.003770  0.000000   0.002108  0.000000 )
(   0.000000  0.000000   0.000000  0.000000   0.000000  0.000000 )
(   0.000000  0.000000  -0.345016  0.000000  -0.617143  0.000000 )
(  -0.345016  0.000000  -0.000000  0.000000  -0.009434  0.000000 )
(  -0.617143  0.000000  -0.009434  0.000000   0.000000  0.000000 )
   freq (   15) =    22.18296492 [THz] =   739.94395653 [cm-1]
(  -0.000000  0.000000  -0.000000  0.000000  -0.000000  0.000000 )
(  -0.000000  0.000000   0.000000  0.000000   0.000000  0.000000 )
(   0.577350  0.000000   0.000000  0.000000   0.000000  0.000000 )
(  -0.000000  0.000000   0.577350  0.000000   0.000000  0.000000 )
(   0.000000  0.000000   0.000000  0.000000   0.577350  0.000000 )
***************************************************************************
