Dynamical matrix file
File generated with the CellConstructor by Lorenzo Monacelli
3 5 0     1.8897259890000000     0.0000000000000000     0.0000000000000000     0.0000000000000000     0.0000000000000000     0.0000000000000000
Basis vectors
    4.0162168494695329     0.0000000000000000     0.0000000000000001
   -0.0000000000000002     4.0162168494695285    -0.0000000000000146
   -0.0000000000000005    -0.0000000000000098     4.0162168494695232
	1  'Ba '  125165.9077335107867839
	2  'Ti '  43628.1030349454958923
	3  'O '  14582.1969301625977096
    1     1    -0.0000000000000001    -0.0000000000000000     0.0000000000000000
    2     2     2.0081084247347660     2.0081084247347594     2.0081084247347545
    3     3    -0.0000000000000003     2.0081084247347594     2.0081084247347545
    4     3     2.0081084247347660    -0.0000000000000049     2.0081084247347616
    5     3     2.0081084247347665     2.0081084247347643    -0.0000000000000073

     Dynamical Matrix in cartesian axes

     q = (    -0.124495269738    -0.000000000000    -0.124495269738 )

    1    1
     0.2026385213969903     0.0000000000000000       -0.0000000000000002     0.0000000000000000       -0.0000000000000002     0.0000000000000000
    -0.0000000000000002     0.0000000000000000        0.1133959379941679     0.0000000000000000        0.0000000000000005     0.0000000000000000
    -0.0000000000000002     0.0000000000000000        0.0000000000000005     0.0000000000000000        0.2026385213969912     0.0000000000000000
    1    2
     0.0000000000000001     0.0000000000000000       -0.0000000000000004     0.0000000000000000       -0.1978240797224188     0.0000000000000000
    -0.0000000000000007     0.0000000000000000       -0.0000000000000000     0.0000000000000000        0.0000000000000001     0.0000000000000000
    -0.1978240797224186     0.0000000000000000        0.0000000000000001     0.0000000000000000        0.0000000000000001     0.0000000000000000
    1    3
    -0.0000000000000000     0.0000000000000000        0.0000000000000000     0.0000000000000000       -0.0000000000000000     0.0000000000000000
     0.0000000000000000     0.0000000000000000        0.0000000000000000     0.0000000000000000       -0.0000000000000000     0.0000000000000000
     0.0000000000000000     0.0000000000000000        0.0000000000000000     0.0000000000000000        0.0000000000000000     0.0000000000000000
    1    4
    -0.0000000000000000     0.0000000000000000        0.0000000000000000     0.0000000000000000        0.0137877723126892     0.0000000000000000
     0.0000000000000001     0.0000000000000000       -0.0000000000000000     0.0000000000000000       -0.0000000000000000     0.0000000000000000
     0.0137877723126892     0.0000000000000000       -0.0000000000000000     0.0000000000000000       -0.0000000000000000     0.0000000000000000
    1    5
    -0.0000000000000000     0.0000000000000000       -0.0000000000000000     0.0000000000000000        0.0000000000000000     0.0000000000000000
     0.0000000000000000     0.0000000000000000        0.0000000000000000     0.0000000000000000       -0.0000000000000000     0.0000000000000000
    -0.0000000000000000     0.0000000000000000       -0.0000000000000000     0.0000000000000000        0.0000000000000000     0.0000000000000000
    2    1
     0.0000000000000001     0.0000000000000000       -0.0000000000000007     0.0000000000000000       -0.1978240797224185     0.0000000000000000
    -0.0000000000000004     0.0000000000000000       -0.0000000000000000     0.0000000000000000        0.0000000000000001     0.0000000000000000
    -0.1978240797224187     0.0000000000000000        0.0000000000000001     0.0000000000000000        0.0000000000000001     0.0000000000000000
    2    2
     0.5237590797984016     0.0000000000000000        0.0000000000000000     0.0000000000000000        0.0000000000000001     0.0000000000000000
     0.0000000000000000     0.0000000000000000       -0.0239313140003067     0.0000000000000000        0.0000000000000018     0.0000000000000000
     0.0000000000000001     0.0000000000000000        0.0000000000000018     0.0000000000000000        0.5237590797984034     0.0000000000000000
    2    3
    -0.0000000000000000     0.0000000000000000       -0.0000000000000000     0.0000000000000000        0.0000000000000000     0.0000000000000000
    -0.0000000000000000     0.0000000000000000        0.0000000000000000     0.0000000000000000       -0.0000000000000000     0.0000000000000000
    -0.0000000000000000     0.0000000000000000       -0.0000000000000000     0.0000000000000000       -0.0000000000000000     0.0000000000000000
    2    4
    -0.1043642761769654     0.0000000000000000       -0.0000000000000000     0.0000000000000000       -0.0000000000000000     0.0000000000000000
    -0.0000000000000000     0.0000000000000000        0.1235805684602131     0.0000000000000000       -0.0000000000000001     0.0000000000000000
    -0.0000000000000000     0.0000000000000000       -0.0000000000000001     0.0000000000000000       -0.1043642761769654     0.0000000000000000
    2    5
    -0.0000000000000000     0.0000000000000000       -0.0000000000000000     0.0000000000000000       -0.0000000000000000     0.0000000000000000
    -0.0000000000000000     0.0000000000000000        0.0000000000000000     0.0000000000000000        0.0000000000000000     0.0000000000000000
     0.0000000000000000     0.0000000000000000       -0.0000000000000000     0.0000000000000000        0.0000000000000000     0.0000000000000000
    3    1
    -0.0000000000000000     0.0000000000000000        0.0000000000000000     0.0000000000000000        0.0000000000000000     0.0000000000000000
     0.0000000000000000     0.0000000000000000        0.0000000000000000     0.0000000000000000       -0.0000000000000000     0.0000000000000000
    -0.0000000000000000     0.0000000000000000       -0.0000000000000000     0.0000000000000000        0.0000000000000000     0.0000000000000000
    3    2
    -0.0000000000000000     0.0000000000000000       -0.0000000000000000     0.0000000000000000        0.0000000000000000     0.0000000000000000
    -0.0000000000000000     0.0000000000000000        0.0000000000000000     0.0000000000000000       -0.0000000000000000     0.0000000000000000
     0.0000000000000000     0.0000000000000000       -0.0000000000000000     0.0000000000000000       -0.0000000000000000     0.0000000000000000
    3    3
     0.3596311253611739     0.0000000000000000        0.0000000000000000     0.0000000000000000        0.0000000000000000     0.0000000000000000
     0.0000000000000000     0.0000000000000000        0.1449770400007778     0.0000000000000000        0.0000000000000009     0.0000000000000000
     0.0000000000000000     0.0000000000000000        0.0000000000000009     0.0000000000000000        0.1508929093683723     0.0000000000000000
    3    4
     0.0000000000000000     0.0000000000000000        0.0000000000000000     0.0000000000000000       -0.0000000000000000     0.0000000000000000
     0.0000000000000000     0.0000000000000000        0.0000000000000000     0.0000000000000000        0.0000000000000000     0.0000000000000000
     0.0000000000000000     0.0000000000000000       -0.0000000000000000     0.0000000000000000        0.0000000000000000     0.0000000000000000
    3    5
     0.0000000000000000     0.0000000000000000        0.0000000000000008     0.0000000000000000        0.2207581029474286     0.0000000000000000
     0.0000000000000004     0.0000000000000000        0.0000000000000000     0.0000000000000000        0.0000000000000000     0.0000000000000000
     0.1024984891328607     0.0000000000000000       -0.0000000000000001     0.0000000000000000        0.0000000000000000     0.0000000000000000
    4    1
    -0.0000000000000000     0.0000000000000000        0.0000000000000001     0.0000000000000000        0.0137877723126892     0.0000000000000000
     0.0000000000000000     0.0000000000000000       -0.0000000000000000     0.0000000000000000       -0.0000000000000000     0.0000000000000000
     0.0137877723126892     0.0000000000000000       -0.0000000000000000     0.0000000000000000       -0.0000000000000000     0.0000000000000000
    4    2
    -0.1043642761769654     0.0000000000000000       -0.0000000000000000     0.0000000000000000       -0.0000000000000000     0.0000000000000000
    -0.0000000000000000     0.0000000000000000        0.1235805684602131     0.0000000000000000       -0.0000000000000001     0.0000000000000000
    -0.0000000000000000     0.0000000000000000       -0.0000000000000001     0.0000000000000000       -0.1043642761769654     0.0000000000000000
    4    3
    -0.0000000000000000     0.0000000000000000        0.0000000000000000     0.0000000000000000        0.0000000000000000     0.0000000000000000
    -0.0000000000000000     0.0000000000000000        0.0000000000000000     0.0000000000000000        0.0000000000000000     0.0000000000000000
     0.0000000000000000     0.0000000000000000        0.0000000000000000     0.0000000000000000        0.0000000000000000     0.0000000000000000
    4    4
     0.1324777507702657     0.0000000000000000       -0.0000000000000000     0.0000000000000000        0.0000000000000000     0.0000000000000000
    -0.0000000000000000     0.0000000000000000        0.0979647911395839     0.0000000000000000        0.0000000000000007     0.0000000000000000
     0.0000000000000000     0.0000000000000000        0.0000000000000007     0.0000000000000000        0.1324777507702656     0.0000000000000000
    4    5
    -0.0000000000000000     0.0000000000000000        0.0000000000000000     0.0000000000000000       -0.0000000000000000     0.0000000000000000
     0.0000000000000000     0.0000000000000000        0.0000000000000000     0.0000000000000000       -0.0000000000000000     0.0000000000000000
     0.0000000000000000     0.0000000000000000        0.0000000000000000     0.0000000000000000       -0.0000000000000000     0.0000000000000000
    5    1
    -0.0000000000000000     0.0000000000000000        0.0000000000000000     0.0000000000000000       -0.0000000000000000     0.0000000000000000
    -0.0000000000000000     0.0000000000000000        0.0000000000000000     0.0000000000000000       -0.0000000000000000     0.0000000000000000
     0.0000000000000000     0.0000000000000000       -0.0000000000000000     0.0000000000000000        0.0000000000000000     0.0000000000000000
    5    2
    -0.0000000000000000     0.0000000000000000       -0.0000000000000000     0.0000000000000000        0.0000000000000000     0.0000000000000000
    -0.0000000000000000     0.0000000000000000        0.0000000000000000     0.0000000000000000       -0.0000000000000000     0.0000000000000000
     0.0000000000000000     0.0000000000000000        0.0000000000000000     0.0000000000000000        0.0000000000000000     0.0000000000000000
    5    3
     0.0000000000000000     0.0000000000000000        0.0000000000000004     0.0000000000000000        0.1024984891328607     0.0000000000000000
     0.0000000000000008     0.0000000000000000        0.0000000000000000     0.0000000000000000       -0.0000000000000001     0.0000000000000000
     0.2207581029474286     0.0000000000000000        0.0000000000000000     0.0000000000000000        0.0000000000000000     0.0000000000000000
    5    4
    -0.0000000000000000     0.0000000000000000        0.0000000000000000     0.0000000000000000        0.0000000000000000     0.0000000000000000
    -0.0000000000000000     0.0000000000000000        0.0000000000000000     0.0000000000000000        0.0000000000000000     0.0000000000000000
    -0.0000000000000000     0.0000000000000000        0.0000000000000000     0.0000000000000000       -0.0000000000000000     0.0000000000000000
    5    5
     0.1508929093683720     0.0000000000000000       -0.0000000000000000     0.0000000000000000        0.0000000000000000     0.0000000000000000
    -0.0000000000000000     0.0000000000000000        0.1449770400007772     0.0000000000000000        0.0000000000000017     0.0000000000000000
     0.0000000000000000     0.0000000000000000        0.0000000000000017     0.0000000000000000        0.3596311253611755     0.0000000000000000

     Dynamical Matrix in cartesian axes

     q = (    -0.000000000000    -0.124495269738     0.124495269738 )

    1    1
     0.1133959379941678     0.0000000000000000       -0.0000000000000001     0.0000000000000000       -0.0000000000000001     0.0000000000000000
    -0.0000000000000001     0.0000000000000000        0.2026385213969905     0.0000000000000000        0.0000000000000005     0.0000000000000000
    -0.0000000000000001     0.0000000000000000        0.0000000000000005     0.0000000000000000        0.2026385213969912     0.0000000000000000
    1    2
    -0.0000000000000000     0.0000000000000000        0.0000000000000000     0.0000000000000000       -0.0000000000000000     0.0000000000000000
     0.0000000000000001     0.0000000000000000       -0.0000000000000012     0.0000000000000000       -0.1978240797224190     0.0000000000000000
     0.0000000000000001     0.0000000000000000       -0.1978240797224186     0.0000000000000000       -0.0000000000000005     0.0000000000000000
    1    3
    -0.0000000000000000     0.0000000000000000       -0.0000000000000000     0.0000000000000000        0.0000000000000000     0.0000000000000000
    -0.0000000000000000     0.0000000000000000        0.0000000000000001     0.0000000000000000        0.0137877723126892     0.0000000000000000
    -0.0000000000000000     0.0000000000000000        0.0137877723126892     0.0000000000000000        0.0000000000000000     0.0000000000000000
    1    4
     0.0000000000000000     0.0000000000000000       -0.0000000000000000     0.0000000000000000       -0.0000000000000000     0.0000000000000000
     0.0000000000000000     0.0000000000000000        0.0000000000000000     0.0000000000000000       -0.0000000000000000     0.0000000000000000
    -0.0000000000000000     0.0000000000000000        0.0000000000000000     0.0000000000000000        0.0000000000000000     0.0000000000000000
    1    5
    -0.0000000000000000     0.0000000000000000       -0.0000000000000000     0.0000000000000000        0.0000000000000000     0.0000000000000000
    -0.0000000000000000     0.0000000000000000        0.0000000000000000     0.0000000000000000        0.0000000000000000     0.0000000000000000
     0.0000000000000000     0.0000000000000000       -0.0000000000000000     0.0000000000000000        0.0000000000000000     0.0000000000000000
    2    1
    -0.0000000000000000     0.0000000000000000        0.0000000000000001     0.0000000000000000        0.0000000000000001     0.0000000000000000
     0.0000000000000000     0.0000000000000000       -0.0000000000000012     0.0000000000000000       -0.1978240797224186     0.0000000000000000
    -0.0000000000000000     0.0000000000000000       -0.1978240797224189     0.0000000000000000       -0.0000000000000005     0.0000000000000000
    2    2
    -0.0239313140003067     0.0000000000000000       -0.0000000000000000     0.0000000000000000       -0.0000000000000000     0.0000000000000000
    -0.0000000000000000     0.0000000000000000        0.5237590797984031     0.0000000000000000        0.0000000000000032     0.0000000000000000
    -0.0000000000000000     0.0000000000000000        0.0000000000000032     0.0000000000000000        0.5237590797984034     0.0000000000000000
    2    3
     0.1235805684602128     0.0000000000000000        0.0000000000000000     0.0000000000000000        0.0000000000000000     0.0000000000000000
     0.0000000000000000     0.0000000000000000       -0.1043642761769656     0.0000000000000000       -0.0000000000000006     0.0000000000000000
     0.0000000000000000     0.0000000000000000       -0.0000000000000006     0.0000000000000000       -0.1043642761769654     0.0000000000000000
    2    4
    -0.0000000000000000     0.0000000000000000        0.0000000000000000     0.0000000000000000       -0.0000000000000000     0.0000000000000000
     0.0000000000000000     0.0000000000000000        0.0000000000000000     0.0000000000000000       -0.0000000000000000     0.0000000000000000
     0.0000000000000000     0.0000000000000000        0.0000000000000000     0.0000000000000000       -0.0000000000000000     0.0000000000000000
    2    5
    -0.0000000000000000     0.0000000000000000       -0.0000000000000000     0.0000000000000000        0.0000000000000000     0.0000000000000000
    -0.0000000000000000     0.0000000000000000       -0.0000000000000000     0.0000000000000000        0.0000000000000000     0.0000000000000000
     0.0000000000000000     0.0000000000000000       -0.0000000000000000     0.0000000000000000       -0.0000000000000000     0.0000000000000000
    3    1
    -0.0000000000000000     0.0000000000000000       -0.0000000000000000     0.0000000000000000       -0.0000000000000000     0.0000000000000000
    -0.0000000000000000     0.0000000000000000        0.0000000000000001     0.0000000000000000        0.0137877723126892     0.0000000000000000
     0.0000000000000000     0.0000000000000000        0.0137877723126892     0.0000000000000000        0.0000000000000000     0.0000000000000000
    3    2
     0.1235805684602128     0.0000000000000000        0.0000000000000000     0.0000000000000000        0.0000000000000000     0.0000000000000000
     0.0000000000000000     0.0000000000000000       -0.1043642761769656     0.0000000000000000       -0.0000000000000006     0.0000000000000000
     0.0000000000000000     0.0000000000000000       -0.0000000000000006     0.0000000000000000       -0.1043642761769654     0.0000000000000000
    3    3
     0.0979647911395838     0.0000000000000000        0.0000000000000000     0.0000000000000000        0.0000000000000000     0.0000000000000000
     0.0000000000000000     0.0000000000000000        0.1324777507702660     0.0000000000000000        0.0000000000000008     0.0000000000000000
     0.0000000000000000     0.0000000000000000        0.0000000000000008     0.0000000000000000        0.1324777507702656     0.0000000000000000
    3    4
     0.0000000000000000     0.0000000000000000        0.0000000000000000     0.0000000000000000        0.0000000000000000     0.0000000000000000
    -0.0000000000000000     0.0000000000000000        0.0000000000000000     0.0000000000000000        0.0000000000000000     0.0000000000000000
    -0.0000000000000000     0.0000000000000000       -0.0000000000000000     0.0000000000000000        0.0000000000000000     0.0000000000000000
    3    5
     0.0000000000000000     0.0000000000000000       -0.0000000000000000     0.0000000000000000        0.0000000000000000     0.0000000000000000
     0.0000000000000000     0.0000000000000000       -0.0000000000000000     0.0000000000000000        0.0000000000000000     0.0000000000000000
     0.0000000000000000     0.0000000000000000        0.0000000000000000     0.0000000000000000       -0.0000000000000000     0.0000000000000000
    4    1
     0.0000000000000000     0.0000000000000000        0.0000000000000000     0.0000000000000000        0.0000000000000000     0.0000000000000000
    -0.0000000000000000     0.0000000000000000        0.0000000000000000     0.0000000000000000        0.0000000000000000     0.0000000000000000
    -0.0000000000000000     0.0000000000000000       -0.0000000000000000     0.0000000000000000        0.0000000000000000     0.0000000000000000
    4    2
     0.0000000000000000     0.0000000000000000        0.0000000000000000     0.0000000000000000       -0.0000000000000000     0.0000000000000000
     0.0000000000000000     0.0000000000000000        0.0000000000000000     0.0000000000000000        0.0000000000000000     0.0000000000000000
    -0.0000000000000000     0.0000000000000000        0.0000000000000000     0.0000000000000000       -0.0000000000000000     0.0000000000000000
    4    3
     0.0000000000000000     0.0000000000000000        0.0000000000000000     0.0000000000000000       -0.0000000000000000     0.0000000000000000
    -0.0000000000000000     0.0000000000000000        0.0000000000000000     0.0000000000000000       -0.0000000000000000     0.0000000000000000
     0.0000000000000000     0.0000000000000000        0.0000000000000000     0.0000000000000000        0.0000000000000000     0.0000000000000000
    4    4
     0.1449770400007774     0.0000000000000000       -0.0000000000000000     0.0000000000000000        0.0000000000000000     0.0000000000000000
    -0.0000000000000000     0.0000000000000000        0.3596311253611746     0.0000000000000000        0.0000000000000014     0.0000000000000000
     0.0000000000000000     0.0000000000000000        0.0000000000000014     0.0000000000000000        0.1508929093683723     0.0000000000000000
    4    5
     0.0000000000000000     0.0000000000000000       -0.0000000000000000     0.0000000000000000       -0.0000000000000000     0.0000000000000000
     0.0000000000000000     0.0000000000000000        0.0000000000000012     0.0000000000000000        0.2207581029474288     0.0000000000000000
     0.0000000000000001     0.0000000000000000        0.1024984891328608     0.0000000000000000        0.0000000000000008     0.0000000000000000
    5    1
    -0.0000000000000000     0.0000000000000000       -0.0000000000000000     0.0000000000000000        0.0000000000000000     0.0000000000000000
    -0.0000000000000000     0.0000000000000000        0.0000000000000000     0.0000000000000000       -0.0000000000000000     0.0000000000000000
     0.0000000000000000     0.0000000000000000        0.0000000000000000     0.0000000000000000        0.0000000000000000     0.0000000000000000
    5    2
    -0.0000000000000000     0.0000000000000000       -0.0000000000000000     0.0000000000000000        0.0000000000000000     0.0000000000000000
    -0.0000000000000000     0.0000000000000000       -0.0000000000000000     0.0000000000000000       -0.0000000000000000     0.0000000000000000
     0.0000000000000000     0.0000000000000000        0.0000000000000000     0.0000000000000000        0.0000000000000000     0.0000000000000000
    5    3
     0.0000000000000000     0.0000000000000000        0.0000000000000000     0.0000000000000000       -0.0000000000000000     0.0000000000000000
    -0.0000000000000000     0.0000000000000000       -0.0000000000000000     0.0000000000000000        0.0000000000000000     0.0000000000000000
     0.0000000000000000     0.0000000000000000       -0.0000000000000000     0.0000000000000000        0.0000000000000000     0.0000000000000000
    5    4
     0.0000000000000000     0.0000000000000000        0.0000000000000000     0.0000000000000000        0.0000000000000001     0.0000000000000000
    -0.0000000000000000     0.0000000000000000        0.0000000000000012     0.0000000000000000        0.1024984891328608     0.0000000000000000
    -0.0000000000000000     0.0000000000000000        0.2207581029474287     0.0000000000000000        0.0000000000000008     0.0000000000000000
    5    5
     0.1449770400007769     0.0000000000000000        0.0000000000000000     0.0000000000000000        0.0000000000000000     0.0000000000000000
     0.0000000000000000     0.0000000000000000        0.1508929093683724     0.0000000000000000        0.0000000000000017     0.0000000000000000
     0.0000000000000000     0.0000000000000000        0.0000000000000017     0.0000000000000000        0.3596311253611755     0.0000000000000000

     Dynamical Matrix in cartesian axes

     q = (     0.124495269738    -0.124495269738    -0.000000000000 )

    1    1
     0.2026385213969903     0.0000000000000000       -0.0000000000000002     0.0000000000000000       -0.0000000000000002     0.0000000000000000
    -0.0000000000000002     0.0000000000000000        0.2026385213969905     0.0000000000000000        0.0000000000000003     0.0000000000000000
    -0.0000000000000002     0.0000000000000000        0.0000000000000003     0.0000000000000000        0.1133959379941682     0.0000000000000000
    1    2
     0.0000000000000000     0.0000000000000000       -0.1978240797224184     0.0000000000000000       -0.0000000000000002     0.0000000000000000
    -0.1978240797224185     0.0000000000000000        0.0000000000000002     0.0000000000000000        0.0000000000000001     0.0000000000000000
    -0.0000000000000003     0.0000000000000000        0.0000000000000000     0.0000000000000000       -0.0000000000000000     0.0000000000000000
    1    3
    -0.0000000000000000     0.0000000000000000       -0.0000000000000000     0.0000000000000000       -0.0000000000000000     0.0000000000000000
     0.0000000000000000     0.0000000000000000       -0.0000000000000000     0.0000000000000000       -0.0000000000000000     0.0000000000000000
    -0.0000000000000000     0.0000000000000000        0.0000000000000000     0.0000000000000000        0.0000000000000000     0.0000000000000000
    1    4
    -0.0000000000000000     0.0000000000000000       -0.0000000000000000     0.0000000000000000       -0.0000000000000000     0.0000000000000000
    -0.0000000000000000     0.0000000000000000        0.0000000000000000     0.0000000000000000        0.0000000000000000     0.0000000000000000
    -0.0000000000000000     0.0000000000000000        0.0000000000000000     0.0000000000000000       -0.0000000000000000     0.0000000000000000
    1    5
     0.0000000000000000     0.0000000000000000        0.0137877723126892     0.0000000000000000        0.0000000000000000     0.0000000000000000
     0.0137877723126892     0.0000000000000000       -0.0000000000000000     0.0000000000000000       -0.0000000000000000     0.0000000000000000
     0.0000000000000000     0.0000000000000000       -0.0000000000000000     0.0000000000000000        0.0000000000000000     0.0000000000000000
    2    1
     0.0000000000000000     0.0000000000000000       -0.1978240797224185     0.0000000000000000       -0.0000000000000003     0.0000000000000000
    -0.1978240797224183     0.0000000000000000        0.0000000000000002     0.0000000000000000        0.0000000000000000     0.0000000000000000
    -0.0000000000000002     0.0000000000000000        0.0000000000000001     0.0000000000000000        0.0000000000000000     0.0000000000000000
    2    2
     0.5237590797984019     0.0000000000000000        0.0000000000000000     0.0000000000000000        0.0000000000000001     0.0000000000000000
     0.0000000000000000     0.0000000000000000        0.5237590797984030     0.0000000000000000        0.0000000000000012     0.0000000000000000
     0.0000000000000001     0.0000000000000000        0.0000000000000012     0.0000000000000000       -0.0239313140003065     0.0000000000000000
    2    3
     0.0000000000000000     0.0000000000000000        0.0000000000000000     0.0000000000000000       -0.0000000000000000     0.0000000000000000
     0.0000000000000000     0.0000000000000000        0.0000000000000000     0.0000000000000000       -0.0000000000000000     0.0000000000000000
    -0.0000000000000000     0.0000000000000000       -0.0000000000000000     0.0000000000000000       -0.0000000000000000     0.0000000000000000
    2    4
     0.0000000000000000     0.0000000000000000       -0.0000000000000000     0.0000000000000000        0.0000000000000000     0.0000000000000000
    -0.0000000000000000     0.0000000000000000        0.0000000000000000     0.0000000000000000       -0.0000000000000000     0.0000000000000000
    -0.0000000000000000     0.0000000000000000        0.0000000000000000     0.0000000000000000        0.0000000000000000     0.0000000000000000
    2    5
    -0.1043642761769652     0.0000000000000000        0.0000000000000001     0.0000000000000000       -0.0000000000000000     0.0000000000000000
    -0.0000000000000001     0.0000000000000000       -0.1043642761769655     0.0000000000000000        0.0000000000000002     0.0000000000000000
    -0.0000000000000000     0.0000000000000000        0.0000000000000002     0.0000000000000000        0.1235805684602133     0.0000000000000000
    3    1
    -0.0000000000000000     0.0000000000000000        0.0000000000000000     0.0000000000000000       -0.0000000000000000     0.0000000000000000
    -0.0000000000000000     0.0000000000000000       -0.0000000000000000     0.0000000000000000        0.0000000000000000     0.0000000000000000
    -0.0000000000000000     0.0000000000000000       -0.0000000000000000     0.0000000000000000        0.0000000000000000     0.0000000000000000
    3    2
     0.0000000000000000     0.0000000000000000        0.0000000000000000     0.0000000000000000       -0.0000000000000000     0.0000000000000000
    -0.0000000000000000     0.0000000000000000        0.0000000000000000     0.0000000000000000       -0.0000000000000000     0.0000000000000000
     0.0000000000000000     0.0000000000000000        0.0000000000000000     0.0000000000000000       -0.0000000000000000     0.0000000000000000
    3    3
     0.3596311253611739     0.0000000000000000        0.0000000000000000     0.0000000000000000        0.0000000000000000     0.0000000000000000
     0.0000000000000000     0.0000000000000000        0.1508929093683729     0.0000000000000000        0.0000000000000009     0.0000000000000000
     0.0000000000000000     0.0000000000000000        0.0000000000000009     0.0000000000000000        0.1449770400007771     0.0000000000000000
    3    4
    -0.0000000000000000     0.0000000000000000        0.2207581029474288     0.0000000000000000        0.0000000000000005     0.0000000000000000
     0.1024984891328608     0.0000000000000000        0.0000000000000000     0.0000000000000000        0.0000000000000000     0.0000000000000000
     0.0000000000000003     0.0000000000000000        0.0000000000000000     0.0000000000000000       -0.0000000000000000     0.0000000000000000
    3    5
     0.0000000000000000     0.0000000000000000       -0.0000000000000000     0.0000000000000000        0.0000000000000000     0.0000000000000000
     0.0000000000000000     0.0000000000000000        0.0000000000000000     0.0000000000000000        0.0000000000000000     0.0000000000000000
     0.0000000000000000     0.0000000000000000        0.0000000000000000     0.0000000000000000       -0.0000000000000000     0.0000000000000000
    4    1
    -0.0000000000000000     0.0000000000000000       -0.0000000000000000     0.0000000000000000       -0.0000000000000000     0.0000000000000000
    -0.0000000000000000     0.0000000000000000       -0.0000000000000000     0.0000000000000000        0.0000000000000000     0.0000000000000000
    -0.0000000000000000     0.0000000000000000        0.0000000000000000     0.0000000000000000       -0.0000000000000000     0.0000000000000000
    4    2
     0.0000000000000000     0.0000000000000000        0.0000000000000000     0.0000000000000000       -0.0000000000000000     0.0000000000000000
     0.0000000000000000     0.0000000000000000       -0.0000000000000000     0.0000000000000000       -0.0000000000000000     0.0000000000000000
     0.0000000000000000     0.0000000000000000       -0.0000000000000000     0.0000000000000000        0.0000000000000000     0.0000000000000000
    4    3
    -0.0000000000000000     0.0000000000000000        0.1024984891328608     0.0000000000000000        0.0000000000000003     0.0000000000000000
     0.2207581029474288     0.0000000000000000        0.0000000000000000     0.0000000000000000        0.0000000000000000     0.0000000000000000
     0.0000000000000005     0.0000000000000000        0.0000000000000000     0.0000000000000000       -0.0000000000000000     0.0000000000000000
    4    4
     0.1508929093683725     0.0000000000000000       -0.0000000000000000     0.0000000000000000        0.0000000000000000     0.0000000000000000
    -0.0000000000000000     0.0000000000000000        0.3596311253611746     0.0000000000000000        0.0000000000000014     0.0000000000000000
     0.0000000000000000     0.0000000000000000        0.0000000000000014     0.0000000000000000        0.1449770400007772     0.0000000000000000
    4    5
     0.0000000000000000     0.0000000000000000       -0.0000000000000000     0.0000000000000000        0.0000000000000000     0.0000000000000000
    -0.0000000000000000     0.0000000000000000        0.0000000000000000     0.0000000000000000        0.0000000000000000     0.0000000000000000
    -0.0000000000000000     0.0000000000000000        0.0000000000000000     0.0000000000000000        0.0000000000000000     0.0000000000000000
    5    1
     0.0000000000000000     0.0000000000000000        0.0137877723126892     0.0000000000000000        0.0000000000000000     0.0000000000000000
     0.0137877723126892     0.0000000000000000       -0.0000000000000000     0.0000000000000000       -0.0000000000000000     0.0000000000000000
     0.0000000000000000     0.0000000000000000       -0.0000000000000000     0.0000000000000000        0.0000000000000000     0.0000000000000000
    5    2
    -0.1043642761769652     0.0000000000000000       -0.0000000000000001     0.0000000000000000       -0.0000000000000000     0.0000000000000000
     0.0000000000000001     0.0000000000000000       -0.1043642761769655     0.0000000000000000        0.0000000000000002     0.0000000000000000
    -0.0000000000000000     0.0000000000000000        0.0000000000000002     0.0000000000000000        0.1235805684602133     0.0000000000000000
    5    3
     0.0000000000000000     0.0000000000000000        0.0000000000000000     0.0000000000000000        0.0000000000000000     0.0000000000000000
     0.0000000000000000     0.0000000000000000       -0.0000000000000000     0.0000000000000000        0.0000000000000000     0.0000000000000000
     0.0000000000000000     0.0000000000000000        0.0000000000000000     0.0000000000000000        0.0000000000000000     0.0000000000000000
    5    4
     0.0000000000000000     0.0000000000000000        0.0000000000000000     0.0000000000000000       -0.0000000000000000     0.0000000000000000
     0.0000000000000000     0.0000000000000000        0.0000000000000000     0.0000000000000000        0.0000000000000000     0.0000000000000000
    -0.0000000000000000     0.0000000000000000        0.0000000000000000     0.0000000000000000        0.0000000000000000     0.0000000000000000
    5    5
     0.1324777507702653     0.0000000000000000        0.0000000000000000     0.0000000000000000        0.0000000000000000     0.0000000000000000
     0.0000000000000000     0.0000000000000000        0.1324777507702656     0.0000000000000000        0.0000000000000007     0.0000000000000000
     0.0000000000000000     0.0000000000000000        0.0000000000000007     0.0000000000000000        0.0979647911395842     0.0000000000000000

     Diagonalizing the dynamical matrix

     q = (    -0.124495269738    -0.000000000000    -0.124495269738 )

***************************************************************************
   freq (    1) =    -5.71233392 [THz] =  -190.54292222 [cm-1]
(   0.000000  0.000000   0.000000  0.000000   0.000000  0.000000 )
(   0.000000  0.000000  -0.754174  0.000000   0.000000  0.000000 )
(   0.000000  0.000000  -0.000000  0.000000  -0.000000  0.000000 )
(   0.000000  0.000000   0.656675  0.000000  -0.000000  0.000000 )
(   0.000000  0.000000  -0.000000  0.000000   0.000000  0.000000 )
   freq (    2) =     3.12913483 [THz] =   104.37668774 [cm-1]
(  -0.858848  0.000000  -0.000000  0.000000  -0.156325  0.000000 )
(  -0.073894  0.000000  -0.000000  0.000000  -0.405976  0.000000 )
(  -0.000000  0.000000  -0.000000  0.000000  -0.000000  0.000000 )
(  -0.046582  0.000000   0.000000  0.000000  -0.255922  0.000000 )
(   0.000000  0.000000   0.000000  0.000000   0.000000  0.000000 )
   freq (    3) =     3.12913483 [THz] =   104.37668774 [cm-1]
(   0.156325  0.000000   0.000000  0.000000  -0.858848  0.000000 )
(  -0.405976  0.000000  -0.000000  0.000000   0.073894  0.000000 )
(   0.000000  0.000000  -0.000000  0.000000  -0.000000  0.000000 )
(  -0.255922  0.000000   0.000000  0.000000   0.046582  0.000000 )
(   0.000000  0.000000  -0.000000  0.000000   0.000000  0.000000 )
   freq (    4) =     3.13134556 [THz] =   104.45042985 [cm-1]
(   0.000000  0.000000  -1.000000  0.000000  -0.000000  0.000000 )
(  -0.000000  0.000000  -0.000000  0.000000   0.000000  0.000000 )
(  -0.000000  0.000000  -0.000000  0.000000   0.000000  0.000000 )
(  -0.000000  0.000000   0.000000  0.000000   0.000000  0.000000 )
(  -0.000000  0.000000  -0.000000  0.000000   0.000000  0.000000 )
   freq (    5) =     5.99323684 [THz] =   199.91283386 [cm-1]
(   0.000000  0.000000  -0.000000  0.000000   0.000000  0.000000 )
(   0.000000  0.000000   0.000000  0.000000  -0.000000  0.000000 )
(   0.000000  0.000000   0.000000  0.000000  -0.707107  0.000000 )
(  -0.000000  0.000000  -0.000000  0.000000  -0.000000  0.000000 )
(   0.707107  0.000000  -0.000000  0.000000  -0.000000  0.000000 )
   freq (    6) =     8.35929825 [THz] =   278.83613595 [cm-1]
(  -0.087286  0.000000   0.000000  0.000000   0.006034  0.000000 )
(  -0.022982  0.000000  -0.000000  0.000000   0.332430  0.000000 )
(   0.000000  0.000000   0.000000  0.000000  -0.000000  0.000000 )
(  -0.064745  0.000000  -0.000000  0.000000   0.936544  0.000000 )
(  -0.000000  0.000000  -0.000000  0.000000  -0.000000  0.000000 )
   freq (    7) =     8.35929825 [THz] =   278.83613595 [cm-1]
(   0.006034  0.000000   0.000000  0.000000   0.087286  0.000000 )
(  -0.332430  0.000000   0.000000  0.000000  -0.022982  0.000000 )
(   0.000000  0.000000   0.000000  0.000000   0.000000  0.000000 )
(  -0.936544  0.000000   0.000000  0.000000  -0.064745  0.000000 )
(  -0.000000  0.000000   0.000000  0.000000  -0.000000  0.000000 )
   freq (    8) =     9.97018360 [THz] =   332.56947960 [cm-1]
(  -0.000000  0.000000  -0.000000  0.000000  -0.000000  0.000000 )
(   0.000000  0.000000   0.279435  0.000000   0.000000  0.000000 )
(   0.000000  0.000000   0.000000  0.000000  -0.000000  0.000000 )
(   0.000000  0.000000   0.960165  0.000000   0.000000  0.000000 )
(   0.000000  0.000000  -0.000000  0.000000  -0.000000  0.000000 )
   freq (    9) =    10.15249393 [THz] =   338.65069685 [cm-1]
(  -0.000000  0.000000   0.000000  0.000000  -0.000000  0.000000 )
(  -0.000000  0.000000  -0.000000  0.000000   0.000000  0.000000 )
(   0.707107  0.000000  -0.000000  0.000000   0.000000  0.000000 )
(   0.000000  0.000000  -0.000000  0.000000  -0.000000  0.000000 )
(  -0.000000  0.000000   0.000000  0.000000  -0.707107  0.000000 )
   freq (   10) =    10.37321571 [THz] =   346.01318180 [cm-1]
(  -0.000000  0.000000   0.000000  0.000000  -0.000000  0.000000 )
(   0.000000  0.000000   0.000000  0.000000  -0.000000  0.000000 )
(  -0.000000  0.000000  -0.001205  0.000000   0.000000  0.000000 )
(   0.000000  0.000000   0.000000  0.000000   0.000000  0.000000 )
(   0.000000  0.000000   0.999999  0.000000   0.000000  0.000000 )
   freq (   11) =    10.37321571 [THz] =   346.01318180 [cm-1]
(   0.000000  0.000000   0.000000  0.000000   0.000000  0.000000 )
(  -0.000000  0.000000   0.000000  0.000000   0.000000  0.000000 )
(  -0.000000  0.000000  -0.999999  0.000000   0.000000  0.000000 )
(  -0.000000  0.000000   0.000000  0.000000   0.000000  0.000000 )
(   0.000000  0.000000  -0.001205  0.000000   0.000000  0.000000 )
   freq (   12) =    12.88841147 [THz] =   429.91106957 [cm-1]
(   0.003949  0.000000  -0.000000  0.000000  -0.080829  0.000000 )
(   0.649532  0.000000  -0.000000  0.000000  -0.031732  0.000000 )
(   0.000000  0.000000  -0.000000  0.000000   0.000000  0.000000 )
(  -0.754450  0.000000   0.000000  0.000000   0.036857  0.000000 )
(   0.000000  0.000000  -0.000000  0.000000   0.000000  0.000000 )
   freq (   13) =    12.88841147 [THz] =   429.91106957 [cm-1]
(  -0.080829  0.000000   0.000000  0.000000  -0.003949  0.000000 )
(   0.031732  0.000000   0.000000  0.000000   0.649532  0.000000 )
(   0.000000  0.000000  -0.000000  0.000000   0.000000  0.000000 )
(  -0.036857  0.000000  -0.000000  0.000000  -0.754450  0.000000 )
(   0.000000  0.000000  -0.000000  0.000000   0.000000  0.000000 )
   freq (   14) =    13.71386055 [THz] =   457.44508328 [cm-1]
(   0.000000  0.000000   0.000000  0.000000   0.000000  0.000000 )
(  -0.000000  0.000000  -0.000000  0.000000  -0.000000  0.000000 )
(  -0.000000  0.000000   0.000000  0.000000   0.707107  0.000000 )
(   0.000000  0.000000   0.000000  0.000000   0.000000  0.000000 )
(   0.707107  0.000000  -0.000000  0.000000  -0.000000  0.000000 )
   freq (   15) =    20.75503484 [THz] =   692.31334261 [cm-1]
(   0.000000  0.000000   0.000000  0.000000   0.000000  0.000000 )
(   0.000000  0.000000   0.000000  0.000000  -0.000000  0.000000 )
(  -0.707107  0.000000  -0.000000  0.000000  -0.000000  0.000000 )
(  -0.000000  0.000000   0.000000  0.000000   0.000000  0.000000 )
(  -0.000000  0.000000  -0.000000  0.000000  -0.707107  0.000000 )
***************************************************************************
