Dynamical matrix file
File generated with the CellConstructor by Lorenzo Monacelli
3 5 0     1.8897259890000000     0.0000000000000000     0.0000000000000000     0.0000000000000000     0.0000000000000000     0.0000000000000000
Basis vectors
    4.0162168494695329     0.0000000000000000     0.0000000000000001
   -0.0000000000000002     4.0162168494695285    -0.0000000000000146
   -0.0000000000000005    -0.0000000000000098     4.0162168494695232
	1  'Ba '  125165.9077335107867839
	2  'Ti '  43628.1030349454958923
	3  'O '  14582.1969301625977096
    1     1     0.0000000000000005    -0.0000000000000003    -0.0000000000000000
    2     2     2.0081084247347665     2.0081084247347594     2.0081084247347545
    3     3     0.0000000000000001     2.0081084247347594     2.0081084247347545
    4     3     2.0081084247347665    -0.0000000000000058     2.0081084247347611
    5     3     2.0081084247347669     2.0081084247347638    -0.0000000000000072

     Dynamical Matrix in cartesian axes

     q = (    -0.124495269738    -0.000000000000    -0.000000000000 )

    1    1
     0.2643456451582102     0.0000000000000000        0.0000000000000000     0.0000000000000000        0.0000000000000000     0.0000000000000000
     0.0000000000000000     0.0000000000000000        0.1191789003144026     0.0000000000000000        0.0000000000000007     0.0000000000000000
     0.0000000000000000     0.0000000000000000        0.0000000000000007     0.0000000000000000        0.1191789003144029     0.0000000000000000
    1    2
     0.0000000000000000    -0.0000000000000000        0.0000000000000000    -0.0000000000000000        0.0000000000000000    -0.0000000000000000
     0.0000000000000000    -0.0000000000000000       -0.0000000000000000     0.0000000000000000       -0.0000000000000000     0.0000000000000000
     0.0000000000000000    -0.0000000000000000        0.0000000000000000     0.0000000000000000       -0.0000000000000000     0.0000000000000000
    1    3
    -0.1297698964202490     0.0000000000000000       -0.0000000000000000     0.0000000000000000       -0.0000000000000000     0.0000000000000000
    -0.0000000000000000     0.0000000000000000       -0.0165388222795008     0.0000000000000000       -0.0000000000000001     0.0000000000000000
    -0.0000000000000000     0.0000000000000000       -0.0000000000000001     0.0000000000000000       -0.0165388222795009     0.0000000000000000
    1    4
    -0.0000000000000000     0.0000000000000000       -0.0000000000000000     0.0000000000000000       -0.0000000000000000     0.0000000000000000
    -0.0000000000000000     0.0000000000000000        0.0000000000000000    -0.0000000000000000        0.0000000000000000     0.0000000000000000
     0.0000000000000000     0.0000000000000000        0.0000000000000000     0.0000000000000000       -0.0000000000000000     0.0000000000000000
    1    5
    -0.0000000000000000     0.0000000000000000       -0.0000000000000000     0.0000000000000000       -0.0000000000000000     0.0000000000000000
    -0.0000000000000000     0.0000000000000000       -0.0000000000000000     0.0000000000000000       -0.0000000000000000     0.0000000000000000
    -0.0000000000000000     0.0000000000000000        0.0000000000000000     0.0000000000000000        0.0000000000000000    -0.0000000000000000
    2    1
     0.0000000000000000     0.0000000000000000        0.0000000000000000     0.0000000000000000        0.0000000000000000     0.0000000000000000
     0.0000000000000000     0.0000000000000000       -0.0000000000000000    -0.0000000000000000        0.0000000000000000    -0.0000000000000000
     0.0000000000000000     0.0000000000000000       -0.0000000000000000    -0.0000000000000000       -0.0000000000000000    -0.0000000000000000
    2    2
     0.5865684906268898     0.0000000000000000        0.0000000000000000     0.0000000000000000        0.0000000000000001     0.0000000000000000
     0.0000000000000000     0.0000000000000000        0.1213419223541011     0.0000000000000000        0.0000000000000007     0.0000000000000000
     0.0000000000000001     0.0000000000000000        0.0000000000000007     0.0000000000000000        0.1213419223541014     0.0000000000000000
    2    3
     0.0000000000000000     0.0000000000000000        0.0000000000000000     0.0000000000000000        0.0000000000000000     0.0000000000000000
     0.0000000000000000     0.0000000000000000        0.0000000000000000     0.0000000000000000        0.0000000000000000     0.0000000000000000
     0.0000000000000000     0.0000000000000000       -0.0000000000000000     0.0000000000000000        0.0000000000000000     0.0000000000000000
    2    4
    -0.1426968680753501    -0.0000000000000000       -0.0000000000000000    -0.0000000000000000       -0.0000000000000000    -0.0000000000000000
    -0.0000000000000000    -0.0000000000000000        0.0478382794667417     0.0000000000000000       -0.0000000000000000    -0.0000000000000000
    -0.0000000000000000    -0.0000000000000000       -0.0000000000000000    -0.0000000000000000       -0.0395296133307701    -0.0000000000000000
    2    5
    -0.1426968680753501    -0.0000000000000000       -0.0000000000000000    -0.0000000000000000       -0.0000000000000000    -0.0000000000000000
    -0.0000000000000000    -0.0000000000000000       -0.0395296133307700    -0.0000000000000000        0.0000000000000001     0.0000000000000000
    -0.0000000000000000    -0.0000000000000000        0.0000000000000001     0.0000000000000000        0.0478382794667418     0.0000000000000000
    3    1
    -0.1297698964202490    -0.0000000000000000       -0.0000000000000000    -0.0000000000000000       -0.0000000000000000    -0.0000000000000000
    -0.0000000000000000    -0.0000000000000000       -0.0165388222795008    -0.0000000000000000       -0.0000000000000001    -0.0000000000000000
    -0.0000000000000000    -0.0000000000000000       -0.0000000000000001    -0.0000000000000000       -0.0165388222795009    -0.0000000000000000
    3    2
     0.0000000000000000    -0.0000000000000000        0.0000000000000000    -0.0000000000000000        0.0000000000000000    -0.0000000000000000
     0.0000000000000000    -0.0000000000000000        0.0000000000000000    -0.0000000000000000       -0.0000000000000000    -0.0000000000000000
     0.0000000000000000    -0.0000000000000000        0.0000000000000000    -0.0000000000000000        0.0000000000000000    -0.0000000000000000
    3    3
     0.4758867036495573     0.0000000000000000        0.0000000000000000     0.0000000000000000        0.0000000000000001     0.0000000000000000
     0.0000000000000000     0.0000000000000000        0.1321979079446834     0.0000000000000000        0.0000000000000008     0.0000000000000000
     0.0000000000000001     0.0000000000000000        0.0000000000000008     0.0000000000000000        0.1321979079446837     0.0000000000000000
    3    4
    -0.0000000000000000     0.0000000000000000       -0.0000000000000000     0.0000000000000000       -0.0000000000000000     0.0000000000000000
    -0.0000000000000000     0.0000000000000000        0.0000000000000000    -0.0000000000000000        0.0000000000000000     0.0000000000000000
    -0.0000000000000000     0.0000000000000000       -0.0000000000000000     0.0000000000000000       -0.0000000000000000     0.0000000000000000
    3    5
    -0.0000000000000000     0.0000000000000000       -0.0000000000000000     0.0000000000000000       -0.0000000000000000     0.0000000000000000
    -0.0000000000000000     0.0000000000000000       -0.0000000000000000     0.0000000000000000        0.0000000000000000    -0.0000000000000000
    -0.0000000000000000     0.0000000000000000        0.0000000000000000    -0.0000000000000000        0.0000000000000000    -0.0000000000000000
    4    1
    -0.0000000000000000    -0.0000000000000000       -0.0000000000000000    -0.0000000000000000        0.0000000000000000    -0.0000000000000000
    -0.0000000000000000    -0.0000000000000000        0.0000000000000000     0.0000000000000000       -0.0000000000000000    -0.0000000000000000
    -0.0000000000000000    -0.0000000000000000       -0.0000000000000000    -0.0000000000000000       -0.0000000000000000    -0.0000000000000000
    4    2
    -0.1426968680753501     0.0000000000000000       -0.0000000000000000     0.0000000000000000       -0.0000000000000000     0.0000000000000000
    -0.0000000000000000     0.0000000000000000        0.0478382794667417    -0.0000000000000000       -0.0000000000000000     0.0000000000000000
    -0.0000000000000000     0.0000000000000000       -0.0000000000000000     0.0000000000000000       -0.0395296133307701     0.0000000000000000
    4    3
    -0.0000000000000000    -0.0000000000000000       -0.0000000000000000    -0.0000000000000000       -0.0000000000000000    -0.0000000000000000
    -0.0000000000000000    -0.0000000000000000        0.0000000000000000     0.0000000000000000       -0.0000000000000000    -0.0000000000000000
    -0.0000000000000000    -0.0000000000000000        0.0000000000000000    -0.0000000000000000       -0.0000000000000000    -0.0000000000000000
    4    4
     0.1636060148852720     0.0000000000000000        0.0000000000000000     0.0000000000000000        0.0000000000000000     0.0000000000000000
     0.0000000000000000     0.0000000000000000        0.1295434629188668     0.0000000000000000        0.0000000000000008     0.0000000000000000
     0.0000000000000000     0.0000000000000000        0.0000000000000008     0.0000000000000000        0.1285216401437995     0.0000000000000000
    4    5
     0.0420880179640329     0.0000000000000000        0.0000000000000000     0.0000000000000000        0.0000000000000000     0.0000000000000000
     0.0000000000000000     0.0000000000000000       -0.0834189441198857    -0.0000000000000000       -0.0000000000000005    -0.0000000000000000
     0.0000000000000000     0.0000000000000000       -0.0000000000000005    -0.0000000000000000       -0.0834189441198859    -0.0000000000000000
    5    1
    -0.0000000000000000    -0.0000000000000000       -0.0000000000000000    -0.0000000000000000       -0.0000000000000000    -0.0000000000000000
    -0.0000000000000000    -0.0000000000000000       -0.0000000000000000    -0.0000000000000000        0.0000000000000000    -0.0000000000000000
    -0.0000000000000000    -0.0000000000000000        0.0000000000000000    -0.0000000000000000        0.0000000000000000     0.0000000000000000
    5    2
    -0.1426968680753501     0.0000000000000000       -0.0000000000000000     0.0000000000000000       -0.0000000000000000     0.0000000000000000
    -0.0000000000000000     0.0000000000000000       -0.0395296133307700     0.0000000000000000        0.0000000000000001    -0.0000000000000000
    -0.0000000000000000     0.0000000000000000        0.0000000000000001    -0.0000000000000000        0.0478382794667418    -0.0000000000000000
    5    3
    -0.0000000000000000    -0.0000000000000000       -0.0000000000000000    -0.0000000000000000       -0.0000000000000000    -0.0000000000000000
    -0.0000000000000000    -0.0000000000000000       -0.0000000000000000    -0.0000000000000000        0.0000000000000000     0.0000000000000000
    -0.0000000000000000    -0.0000000000000000       -0.0000000000000000     0.0000000000000000        0.0000000000000000     0.0000000000000000
    5    4
     0.0420880179640329    -0.0000000000000000        0.0000000000000000    -0.0000000000000000        0.0000000000000000    -0.0000000000000000
     0.0000000000000000    -0.0000000000000000       -0.0834189441198857     0.0000000000000000       -0.0000000000000005     0.0000000000000000
     0.0000000000000000    -0.0000000000000000       -0.0000000000000005     0.0000000000000000       -0.0834189441198859     0.0000000000000000
    5    5
     0.1636060148852720     0.0000000000000000        0.0000000000000000     0.0000000000000000        0.0000000000000000     0.0000000000000000
     0.0000000000000000     0.0000000000000000        0.1285216401437992     0.0000000000000000        0.0000000000000008     0.0000000000000000
     0.0000000000000000     0.0000000000000000        0.0000000000000008     0.0000000000000000        0.1295434629188671     0.0000000000000000

     Dynamical Matrix in cartesian axes

     q = (     0.000000000000    -0.124495269738    -0.000000000000 )

    1    1
     0.1191789003144024     0.0000000000000000        0.0000000000000000     0.0000000000000000        0.0000000000000000     0.0000000000000000
     0.0000000000000000     0.0000000000000000        0.2643456451582108     0.0000000000000000        0.0000000000000011     0.0000000000000000
     0.0000000000000000     0.0000000000000000        0.0000000000000011     0.0000000000000000        0.1191789003144029     0.0000000000000000
    1    2
    -0.0000000000000000     0.0000000000000000       -0.0000000000000000     0.0000000000000000        0.0000000000000000     0.0000000000000000
    -0.0000000000000000     0.0000000000000000        0.0000000000000000    -0.0000000000000000        0.0000000000000000    -0.0000000000000000
    -0.0000000000000000     0.0000000000000000        0.0000000000000000    -0.0000000000000000       -0.0000000000000000     0.0000000000000000
    1    3
     0.0000000000000000    -0.0000000000000000        0.0000000000000000    -0.0000000000000000        0.0000000000000000    -0.0000000000000000
     0.0000000000000000    -0.0000000000000000       -0.0000000000000000     0.0000000000000000       -0.0000000000000000     0.0000000000000000
    -0.0000000000000000    -0.0000000000000000       -0.0000000000000000     0.0000000000000000       -0.0000000000000000     0.0000000000000000
    1    4
    -0.0165388222795008     0.0000000000000000       -0.0000000000000000     0.0000000000000000       -0.0000000000000000     0.0000000000000000
    -0.0000000000000000     0.0000000000000000       -0.1297698964202493     0.0000000000000000       -0.0000000000000004     0.0000000000000000
    -0.0000000000000000     0.0000000000000000       -0.0000000000000004     0.0000000000000000       -0.0165388222795009     0.0000000000000000
    1    5
    -0.0000000000000000     0.0000000000000000        0.0000000000000000     0.0000000000000000        0.0000000000000000     0.0000000000000000
    -0.0000000000000000     0.0000000000000000       -0.0000000000000000     0.0000000000000000       -0.0000000000000000     0.0000000000000000
     0.0000000000000000     0.0000000000000000       -0.0000000000000000     0.0000000000000000        0.0000000000000000    -0.0000000000000000
    2    1
    -0.0000000000000000    -0.0000000000000000       -0.0000000000000000    -0.0000000000000000       -0.0000000000000000    -0.0000000000000000
    -0.0000000000000000    -0.0000000000000000        0.0000000000000000     0.0000000000000000        0.0000000000000000     0.0000000000000000
    -0.0000000000000000    -0.0000000000000000        0.0000000000000000     0.0000000000000000       -0.0000000000000000    -0.0000000000000000
    2    2
     0.1213419223541008     0.0000000000000000        0.0000000000000000     0.0000000000000000        0.0000000000000000     0.0000000000000000
     0.0000000000000000     0.0000000000000000        0.5865684906268911     0.0000000000000000        0.0000000000000019     0.0000000000000000
     0.0000000000000000     0.0000000000000000        0.0000000000000019     0.0000000000000000        0.1213419223541014     0.0000000000000000
    2    3
     0.0478382794667416    -0.0000000000000000        0.0000000000000000    -0.0000000000000000        0.0000000000000000    -0.0000000000000000
     0.0000000000000000    -0.0000000000000000       -0.1426968680753504     0.0000000000000000       -0.0000000000000005     0.0000000000000000
     0.0000000000000000    -0.0000000000000000       -0.0000000000000005     0.0000000000000000       -0.0395296133307701     0.0000000000000000
    2    4
     0.0000000000000000     0.0000000000000000        0.0000000000000000     0.0000000000000000       -0.0000000000000000     0.0000000000000000
     0.0000000000000000     0.0000000000000000        0.0000000000000000     0.0000000000000000        0.0000000000000000     0.0000000000000000
     0.0000000000000000     0.0000000000000000        0.0000000000000000     0.0000000000000000        0.0000000000000000     0.0000000000000000
    2    5
    -0.0395296133307699     0.0000000000000000       -0.0000000000000000     0.0000000000000000       -0.0000000000000000     0.0000000000000000
    -0.0000000000000000     0.0000000000000000       -0.1426968680753504     0.0000000000000001       -0.0000000000000002     0.0000000000000000
    -0.0000000000000000     0.0000000000000000       -0.0000000000000002     0.0000000000000000        0.0478382794667418    -0.0000000000000000
    3    1
     0.0000000000000000     0.0000000000000000        0.0000000000000000     0.0000000000000000        0.0000000000000000     0.0000000000000000
     0.0000000000000000     0.0000000000000000       -0.0000000000000000    -0.0000000000000000       -0.0000000000000000    -0.0000000000000000
     0.0000000000000000     0.0000000000000000       -0.0000000000000000    -0.0000000000000000       -0.0000000000000000    -0.0000000000000000
    3    2
     0.0478382794667416     0.0000000000000000        0.0000000000000000     0.0000000000000000        0.0000000000000000     0.0000000000000000
     0.0000000000000000     0.0000000000000000       -0.1426968680753504    -0.0000000000000000       -0.0000000000000005    -0.0000000000000000
     0.0000000000000000     0.0000000000000000       -0.0000000000000005    -0.0000000000000000       -0.0395296133307701    -0.0000000000000000
    3    3
     0.1295434629188665     0.0000000000000000        0.0000000000000000     0.0000000000000000        0.0000000000000000     0.0000000000000000
     0.0000000000000000     0.0000000000000000        0.1636060148852724     0.0000000000000000        0.0000000000000009     0.0000000000000000
     0.0000000000000000     0.0000000000000000        0.0000000000000009     0.0000000000000000        0.1285216401437995     0.0000000000000000
    3    4
     0.0000000000000000     0.0000000000000000        0.0000000000000000     0.0000000000000000       -0.0000000000000000     0.0000000000000000
     0.0000000000000000     0.0000000000000000       -0.0000000000000000    -0.0000000000000000       -0.0000000000000000    -0.0000000000000000
     0.0000000000000000     0.0000000000000000       -0.0000000000000000    -0.0000000000000000       -0.0000000000000000    -0.0000000000000000
    3    5
    -0.0834189441198855     0.0000000000000000       -0.0000000000000000     0.0000000000000000       -0.0000000000000000     0.0000000000000000
    -0.0000000000000000     0.0000000000000000        0.0420880179640330    -0.0000000000000000       -0.0000000000000002     0.0000000000000000
    -0.0000000000000000     0.0000000000000000       -0.0000000000000002     0.0000000000000000       -0.0834189441198859     0.0000000000000000
    4    1
    -0.0165388222795008    -0.0000000000000000       -0.0000000000000000    -0.0000000000000000       -0.0000000000000000    -0.0000000000000000
    -0.0000000000000000    -0.0000000000000000       -0.1297698964202493    -0.0000000000000000       -0.0000000000000004    -0.0000000000000000
    -0.0000000000000000    -0.0000000000000000       -0.0000000000000004    -0.0000000000000000       -0.0165388222795009    -0.0000000000000000
    4    2
     0.0000000000000000    -0.0000000000000000        0.0000000000000000    -0.0000000000000000        0.0000000000000000    -0.0000000000000000
     0.0000000000000000    -0.0000000000000000        0.0000000000000000    -0.0000000000000000        0.0000000000000000    -0.0000000000000000
    -0.0000000000000000    -0.0000000000000000        0.0000000000000000    -0.0000000000000000        0.0000000000000000    -0.0000000000000000
    4    3
     0.0000000000000000    -0.0000000000000000        0.0000000000000000    -0.0000000000000000        0.0000000000000000    -0.0000000000000000
     0.0000000000000000    -0.0000000000000000       -0.0000000000000000     0.0000000000000000       -0.0000000000000000     0.0000000000000000
     0.0000000000000000    -0.0000000000000000       -0.0000000000000000     0.0000000000000000       -0.0000000000000000     0.0000000000000000
    4    4
     0.1321979079446831     0.0000000000000000        0.0000000000000000     0.0000000000000000        0.0000000000000000     0.0000000000000000
     0.0000000000000000     0.0000000000000000        0.4758867036495584     0.0000000000000000        0.0000000000000016     0.0000000000000000
     0.0000000000000000     0.0000000000000000        0.0000000000000016     0.0000000000000000        0.1321979079446837     0.0000000000000000
    4    5
    -0.0000000000000000     0.0000000000000000       -0.0000000000000000     0.0000000000000000       -0.0000000000000000     0.0000000000000000
    -0.0000000000000000     0.0000000000000000       -0.0000000000000000     0.0000000000000000        0.0000000000000000    -0.0000000000000000
     0.0000000000000000     0.0000000000000000        0.0000000000000000    -0.0000000000000000        0.0000000000000000    -0.0000000000000000
    5    1
    -0.0000000000000000    -0.0000000000000000       -0.0000000000000000    -0.0000000000000000       -0.0000000000000000    -0.0000000000000000
     0.0000000000000000    -0.0000000000000000       -0.0000000000000000    -0.0000000000000000       -0.0000000000000000    -0.0000000000000000
    -0.0000000000000000    -0.0000000000000000       -0.0000000000000000    -0.0000000000000000        0.0000000000000000     0.0000000000000000
    5    2
    -0.0395296133307699    -0.0000000000000000       -0.0000000000000000    -0.0000000000000000       -0.0000000000000000    -0.0000000000000000
    -0.0000000000000000    -0.0000000000000000       -0.1426968680753504    -0.0000000000000001       -0.0000000000000002    -0.0000000000000000
    -0.0000000000000000    -0.0000000000000000       -0.0000000000000002    -0.0000000000000000        0.0478382794667418     0.0000000000000000
    5    3
    -0.0834189441198855    -0.0000000000000000       -0.0000000000000000    -0.0000000000000000       -0.0000000000000000    -0.0000000000000000
    -0.0000000000000000    -0.0000000000000000        0.0420880179640330     0.0000000000000000       -0.0000000000000002    -0.0000000000000000
    -0.0000000000000000    -0.0000000000000000       -0.0000000000000002    -0.0000000000000000       -0.0834189441198859    -0.0000000000000000
    5    4
    -0.0000000000000000    -0.0000000000000000       -0.0000000000000000    -0.0000000000000000        0.0000000000000000    -0.0000000000000000
    -0.0000000000000000    -0.0000000000000000       -0.0000000000000000    -0.0000000000000000        0.0000000000000000     0.0000000000000000
     0.0000000000000000    -0.0000000000000000        0.0000000000000000     0.0000000000000000        0.0000000000000000     0.0000000000000000
    5    5
     0.1285216401437990     0.0000000000000000        0.0000000000000000     0.0000000000000000        0.0000000000000000     0.0000000000000000
     0.0000000000000000     0.0000000000000000        0.1636060148852724     0.0000000000000000        0.0000000000000009     0.0000000000000000
     0.0000000000000000     0.0000000000000000        0.0000000000000009     0.0000000000000000        0.1295434629188671     0.0000000000000000

     Dynamical Matrix in cartesian axes

     q = (     0.000000000000    -0.000000000000    -0.124495269738 )

    1    1
     0.1191789003144024     0.0000000000000000        0.0000000000000000     0.0000000000000000        0.0000000000000000     0.0000000000000000
     0.0000000000000000     0.0000000000000000        0.1191789003144026     0.0000000000000000        0.0000000000000013     0.0000000000000000
     0.0000000000000000     0.0000000000000000        0.0000000000000013     0.0000000000000000        0.2643456451582115     0.0000000000000000
    1    2
    -0.0000000000000000     0.0000000000000000       -0.0000000000000000    -0.0000000000000000       -0.0000000000000000     0.0000000000000000
     0.0000000000000000    -0.0000000000000000       -0.0000000000000000     0.0000000000000000        0.0000000000000000    -0.0000000000000000
    -0.0000000000000000     0.0000000000000000        0.0000000000000000    -0.0000000000000000        0.0000000000000000    -0.0000000000000000
    1    3
     0.0000000000000000    -0.0000000000000000       -0.0000000000000000    -0.0000000000000000        0.0000000000000000    -0.0000000000000000
    -0.0000000000000000    -0.0000000000000000       -0.0000000000000000     0.0000000000000000       -0.0000000000000000     0.0000000000000000
     0.0000000000000000    -0.0000000000000000       -0.0000000000000000     0.0000000000000000       -0.0000000000000000     0.0000000000000000
    1    4
    -0.0000000000000000     0.0000000000000000        0.0000000000000000     0.0000000000000000       -0.0000000000000000     0.0000000000000000
    -0.0000000000000000     0.0000000000000000        0.0000000000000000    -0.0000000000000000       -0.0000000000000000     0.0000000000000000
    -0.0000000000000000     0.0000000000000000       -0.0000000000000000     0.0000000000000000       -0.0000000000000000     0.0000000000000000
    1    5
    -0.0165388222795008    -0.0000000000000000       -0.0000000000000000    -0.0000000000000000        0.0000000000000000     0.0000000000000000
    -0.0000000000000000    -0.0000000000000000       -0.0165388222795008    -0.0000000000000000       -0.0000000000000005    -0.0000000000000000
     0.0000000000000000     0.0000000000000000       -0.0000000000000005    -0.0000000000000000       -0.1297698964202496    -0.0000000000000000
    2    1
    -0.0000000000000000    -0.0000000000000000       -0.0000000000000000     0.0000000000000000       -0.0000000000000000    -0.0000000000000000
    -0.0000000000000000     0.0000000000000000       -0.0000000000000000    -0.0000000000000000        0.0000000000000000     0.0000000000000000
    -0.0000000000000000    -0.0000000000000000        0.0000000000000000     0.0000000000000000        0.0000000000000000     0.0000000000000000
    2    2
     0.1213419223541008     0.0000000000000000        0.0000000000000000     0.0000000000000000        0.0000000000000000     0.0000000000000000
     0.0000000000000000     0.0000000000000000        0.1213419223541011     0.0000000000000000        0.0000000000000024     0.0000000000000000
     0.0000000000000000     0.0000000000000000        0.0000000000000024     0.0000000000000000        0.5865684906268926     0.0000000000000000
    2    3
     0.0478382794667416     0.0000000000000000        0.0000000000000000     0.0000000000000000        0.0000000000000000     0.0000000000000000
     0.0000000000000000     0.0000000000000000       -0.0395296133307700    -0.0000000000000000       -0.0000000000000006    -0.0000000000000000
     0.0000000000000000     0.0000000000000000       -0.0000000000000006    -0.0000000000000000       -0.1426968680753508    -0.0000000000000000
    2    4
    -0.0395296133307699     0.0000000000000000       -0.0000000000000000     0.0000000000000000       -0.0000000000000000     0.0000000000000000
    -0.0000000000000000     0.0000000000000000        0.0478382794667417    -0.0000000000000000       -0.0000000000000004     0.0000000000000000
    -0.0000000000000000     0.0000000000000000       -0.0000000000000004     0.0000000000000000       -0.1426968680753508     0.0000000000000001
    2    5
     0.0000000000000000     0.0000000000000000       -0.0000000000000000     0.0000000000000000        0.0000000000000000     0.0000000000000000
    -0.0000000000000000     0.0000000000000000        0.0000000000000000     0.0000000000000000        0.0000000000000000     0.0000000000000000
     0.0000000000000000     0.0000000000000000        0.0000000000000000     0.0000000000000000        0.0000000000000000     0.0000000000000000
    3    1
     0.0000000000000000     0.0000000000000000       -0.0000000000000000     0.0000000000000000        0.0000000000000000     0.0000000000000000
    -0.0000000000000000     0.0000000000000000       -0.0000000000000000    -0.0000000000000000       -0.0000000000000000    -0.0000000000000000
     0.0000000000000000     0.0000000000000000       -0.0000000000000000    -0.0000000000000000       -0.0000000000000000    -0.0000000000000000
    3    2
     0.0478382794667416    -0.0000000000000000        0.0000000000000000    -0.0000000000000000        0.0000000000000000    -0.0000000000000000
     0.0000000000000000    -0.0000000000000000       -0.0395296133307700     0.0000000000000000       -0.0000000000000006     0.0000000000000000
     0.0000000000000000    -0.0000000000000000       -0.0000000000000006     0.0000000000000000       -0.1426968680753508     0.0000000000000000
    3    3
     0.1295434629188665     0.0000000000000000        0.0000000000000000     0.0000000000000000        0.0000000000000000     0.0000000000000000
     0.0000000000000000     0.0000000000000000        0.1285216401437992     0.0000000000000000        0.0000000000000009     0.0000000000000000
     0.0000000000000000     0.0000000000000000        0.0000000000000009     0.0000000000000000        0.1636060148852728     0.0000000000000000
    3    4
    -0.0834189441198855     0.0000000000000001       -0.0000000000000000     0.0000000000000000       -0.0000000000000000     0.0000000000000000
    -0.0000000000000000     0.0000000000000000       -0.0834189441198857     0.0000000000000001       -0.0000000000000001     0.0000000000000000
    -0.0000000000000000     0.0000000000000000       -0.0000000000000001     0.0000000000000000        0.0420880179640331    -0.0000000000000000
    3    5
     0.0000000000000000     0.0000000000000000       -0.0000000000000000     0.0000000000000000        0.0000000000000000     0.0000000000000000
    -0.0000000000000000     0.0000000000000000       -0.0000000000000000    -0.0000000000000000       -0.0000000000000000    -0.0000000000000000
     0.0000000000000000     0.0000000000000000       -0.0000000000000000    -0.0000000000000000       -0.0000000000000000    -0.0000000000000000
    4    1
    -0.0000000000000000    -0.0000000000000000       -0.0000000000000000    -0.0000000000000000       -0.0000000000000000    -0.0000000000000000
     0.0000000000000000    -0.0000000000000000        0.0000000000000000     0.0000000000000000       -0.0000000000000000    -0.0000000000000000
    -0.0000000000000000    -0.0000000000000000       -0.0000000000000000    -0.0000000000000000       -0.0000000000000000    -0.0000000000000000
    4    2
    -0.0395296133307699    -0.0000000000000000       -0.0000000000000000    -0.0000000000000000       -0.0000000000000000    -0.0000000000000000
    -0.0000000000000000    -0.0000000000000000        0.0478382794667417     0.0000000000000000       -0.0000000000000004    -0.0000000000000000
    -0.0000000000000000    -0.0000000000000000       -0.0000000000000004    -0.0000000000000000       -0.1426968680753508    -0.0000000000000001
    4    3
    -0.0834189441198855    -0.0000000000000001       -0.0000000000000000    -0.0000000000000000       -0.0000000000000000    -0.0000000000000000
    -0.0000000000000000    -0.0000000000000000       -0.0834189441198857    -0.0000000000000001       -0.0000000000000001    -0.0000000000000000
    -0.0000000000000000    -0.0000000000000000       -0.0000000000000001    -0.0000000000000000        0.0420880179640331     0.0000000000000000
    4    4
     0.1285216401437990     0.0000000000000000        0.0000000000000000     0.0000000000000000        0.0000000000000000     0.0000000000000000
     0.0000000000000000     0.0000000000000000        0.1295434629188668     0.0000000000000000        0.0000000000000009     0.0000000000000000
     0.0000000000000000     0.0000000000000000        0.0000000000000009     0.0000000000000000        0.1636060148852728     0.0000000000000000
    4    5
    -0.0000000000000000    -0.0000000000000000       -0.0000000000000000    -0.0000000000000000       -0.0000000000000000    -0.0000000000000000
     0.0000000000000000    -0.0000000000000000        0.0000000000000000     0.0000000000000000        0.0000000000000000     0.0000000000000000
    -0.0000000000000000    -0.0000000000000000        0.0000000000000000     0.0000000000000000       -0.0000000000000000    -0.0000000000000000
    5    1
    -0.0165388222795008     0.0000000000000000       -0.0000000000000000     0.0000000000000000        0.0000000000000000    -0.0000000000000000
    -0.0000000000000000     0.0000000000000000       -0.0165388222795008     0.0000000000000000       -0.0000000000000005     0.0000000000000000
     0.0000000000000000    -0.0000000000000000       -0.0000000000000005     0.0000000000000000       -0.1297698964202496     0.0000000000000000
    5    2
     0.0000000000000000    -0.0000000000000000       -0.0000000000000000    -0.0000000000000000        0.0000000000000000    -0.0000000000000000
    -0.0000000000000000    -0.0000000000000000        0.0000000000000000    -0.0000000000000000        0.0000000000000000    -0.0000000000000000
     0.0000000000000000    -0.0000000000000000        0.0000000000000000    -0.0000000000000000        0.0000000000000000    -0.0000000000000000
    5    3
     0.0000000000000000    -0.0000000000000000        0.0000000000000000    -0.0000000000000000        0.0000000000000000    -0.0000000000000000
    -0.0000000000000000    -0.0000000000000000       -0.0000000000000000     0.0000000000000000       -0.0000000000000000     0.0000000000000000
     0.0000000000000000    -0.0000000000000000       -0.0000000000000000     0.0000000000000000       -0.0000000000000000     0.0000000000000000
    5    4
    -0.0000000000000000     0.0000000000000000       -0.0000000000000000     0.0000000000000000       -0.0000000000000000     0.0000000000000000
    -0.0000000000000000     0.0000000000000000        0.0000000000000000    -0.0000000000000000        0.0000000000000000    -0.0000000000000000
    -0.0000000000000000     0.0000000000000000        0.0000000000000000    -0.0000000000000000       -0.0000000000000000     0.0000000000000000
    5    5
     0.1321979079446831     0.0000000000000000        0.0000000000000000     0.0000000000000000        0.0000000000000000     0.0000000000000000
     0.0000000000000000     0.0000000000000000        0.1321979079446834     0.0000000000000000        0.0000000000000021     0.0000000000000000
     0.0000000000000000     0.0000000000000000        0.0000000000000021     0.0000000000000000        0.4758867036495595     0.0000000000000000

     Diagonalizing the dynamical matrix

     q = (    -0.124495269738    -0.000000000000    -0.000000000000 )

***************************************************************************
   freq (    1) =     3.17898050 [THz] =   106.03936011 [cm-1]
(  -0.000000  0.000000  -0.728082 -0.000000   0.671428  0.000000 )
(  -0.000000 -0.000000   0.000000 -0.000000   0.000000 -0.000000 )
(  -0.000000  0.000000  -0.101547 -0.000000   0.093645  0.000000 )
(  -0.000000  0.000000  -0.000000  0.000000   0.000000 -0.000000 )
(   0.000000 -0.000000   0.000000 -0.000000  -0.000000  0.000000 )
   freq (    2) =     3.17898050 [THz] =   106.03936011 [cm-1]
(  -0.000000  0.000000  -0.671428 -0.000000  -0.728082 -0.000000 )
(  -0.000000  0.000000  -0.000000  0.000000  -0.000000  0.000000 )
(  -0.000000  0.000000  -0.093645 -0.000000  -0.101547 -0.000000 )
(   0.000000 -0.000000   0.000000 -0.000000  -0.000000  0.000000 )
(   0.000000  0.000000  -0.000000  0.000000   0.000000 -0.000000 )
   freq (    3) =     4.42922749 [THz] =   147.74310493 [cm-1]
(   0.960756  0.000000  -0.000000 -0.000000   0.000000 -0.000000 )
(  -0.000000  0.000000  -0.000000  0.000000  -0.000000  0.000000 )
(   0.277396  0.000000  -0.000000 -0.000000   0.000000  0.000000 )
(  -0.000000  0.000000   0.000000 -0.000000   0.000000  0.000000 )
(  -0.000000  0.000000  -0.000000  0.000000   0.000000 -0.000000 )
   freq (    4) =     4.92099827 [THz] =   164.14681002 [cm-1]
(   0.000000  0.000000  -0.000000 -0.000000  -0.000000 -0.000000 )
(   0.000000  0.000000   0.745043  0.000000  -0.456472 -0.000000 )
(  -0.000000 -0.000000  -0.000000 -0.000000   0.000000  0.000000 )
(   0.000000  0.000000  -0.411575 -0.000000   0.031191  0.000000 )
(  -0.000000 -0.000000  -0.050909 -0.000000   0.252163  0.000000 )
   freq (    5) =     4.92099827 [THz] =   164.14681002 [cm-1]
(  -0.000000  0.000000   0.000000  0.000000   0.000000  0.000000 )
(   0.000000  0.000000  -0.456472  0.000000  -0.745043  0.000000 )
(   0.000000  0.000000   0.000000  0.000000  -0.000000  0.000000 )
(  -0.000000  0.000000   0.252163 -0.000000   0.050909 -0.000000 )
(  -0.000000  0.000000   0.031191 -0.000000   0.411575 -0.000000 )
   freq (    6) =     5.86908065 [THz] =   195.77142966 [cm-1]
(   0.000000  0.000000  -0.000000  0.000000  -0.000000  0.000000 )
(   0.000000  0.000000   0.110522  0.000000  -0.083983 -0.000000 )
(  -0.000000  0.000000  -0.000000 -0.000000   0.000000  0.000000 )
(  -0.000000  0.000000   0.525914  0.000000  -0.446422 -0.000000 )
(   0.000000 -0.000000   0.587495  0.000000  -0.399629 -0.000000 )
   freq (    7) =     5.86908065 [THz] =   195.77142966 [cm-1]
(  -0.000000  0.000000   0.000000  0.000000   0.000000  0.000000 )
(   0.000000 -0.000000  -0.083983  0.000000  -0.110522  0.000000 )
(   0.000000  0.000000   0.000000 -0.000000  -0.000000  0.000000 )
(   0.000000 -0.000000  -0.399629  0.000000  -0.587495  0.000000 )
(  -0.000000  0.000000  -0.446422  0.000000  -0.525914  0.000000 )
   freq (    8) =     7.90085669 [THz] =   263.54417356 [cm-1]
(  -0.000000  0.000000   0.000000  0.000000   0.000000  0.000000 )
(  -0.516077  0.000000   0.000000 -0.000000   0.000000 -0.000000 )
(   0.000000  0.000000  -0.000000 -0.000000  -0.000000 -0.000000 )
(  -0.605667  0.000000  -0.000000 -0.000000  -0.000000 -0.000000 )
(  -0.605667  0.000000   0.000000 -0.000000  -0.000000 -0.000000 )
   freq (    9) =     9.49694878 [THz] =   316.78406753 [cm-1]
(  -0.000000  0.000000   0.000000  0.000000   0.000000  0.000000 )
(   0.000000 -0.000000   0.000000 -0.000000   0.000000 -0.000000 )
(   0.000000  0.000000   0.000000  0.000000  -0.000000 -0.000000 )
(   0.707107 -0.000000   0.000000  0.000000   0.000000 -0.000000 )
(  -0.707107  0.000000   0.000000 -0.000000  -0.000000  0.000000 )
   freq (   10) =     9.91555581 [THz] =   330.74729290 [cm-1]
(  -0.000000  0.000000  -0.012415  0.000000   0.010480 -0.000000 )
(  -0.000000 -0.000000   0.000000  0.000000   0.000000 -0.000000 )
(   0.000000  0.000000   0.764043  0.000000  -0.644961 -0.000000 )
(  -0.000000  0.000000  -0.000000 -0.000000   0.000000 -0.000000 )
(   0.000000 -0.000000   0.000000 -0.000000  -0.000000  0.000000 )
   freq (   11) =     9.91555581 [THz] =   330.74729290 [cm-1]
(   0.000000  0.000000  -0.010480 -0.000000  -0.012415 -0.000000 )
(  -0.000000  0.000000   0.000000  0.000000   0.000000 -0.000000 )
(  -0.000000 -0.000000   0.644961  0.000000   0.764043  0.000000 )
(  -0.000000  0.000000  -0.000000 -0.000000   0.000000 -0.000000 )
(  -0.000000 -0.000000   0.000000 -0.000000  -0.000000  0.000000 )
   freq (   12) =    12.76630323 [THz] =   425.83797755 [cm-1]
(  -0.000000  0.000000   0.000000  0.000000  -0.000000  0.000000 )
(   0.000000  0.000000  -0.089151  0.000000  -0.072087  0.000000 )
(  -0.000000  0.000000  -0.000000 -0.000000   0.000000  0.000000 )
(  -0.000000 -0.000000  -0.549941  0.000000   0.438639 -0.000000 )
(   0.000000 -0.000000   0.542475 -0.000000  -0.444676  0.000000 )
   freq (   13) =    12.76630323 [THz] =   425.83797755 [cm-1]
(   0.000000  0.000000  -0.000000 -0.000000  -0.000000 -0.000000 )
(   0.000000  0.000000   0.072087  0.000000  -0.089151 -0.000000 )
(   0.000000 -0.000000   0.000000  0.000000  -0.000000 -0.000000 )
(  -0.000000  0.000000   0.444676  0.000000   0.542475  0.000000 )
(  -0.000000 -0.000000  -0.438639 -0.000000  -0.549941 -0.000000 )
   freq (   14) =    15.35442267 [THz] =   512.16833720 [cm-1]
(  -0.000000  0.000000  -0.000000 -0.000000  -0.000000 -0.000000 )
(   0.485099 -0.000000   0.000000 -0.000000   0.000000 -0.000000 )
(   0.000000 -0.000000   0.000000 -0.000000  -0.000000 -0.000000 )
(  -0.618336  0.000000  -0.000000 -0.000000  -0.000000  0.000000 )
(  -0.618336  0.000000  -0.000000  0.000000   0.000000 -0.000000 )
   freq (   15) =    18.87984037 [THz] =   629.76359709 [cm-1]
(  -0.033619  0.000000  -0.000000 -0.000000  -0.000000 -0.000000 )
(  -0.000000  0.000000   0.000000  0.000000  -0.000000  0.000000 )
(   0.999435  0.000000   0.000000  0.000000   0.000000  0.000000 )
(   0.000000 -0.000000   0.000000  0.000000   0.000000 -0.000000 )
(   0.000000 -0.000000  -0.000000 -0.000000   0.000000 -0.000000 )
***************************************************************************
