Dynamical matrix file
File generated with the CellConstructor by Lorenzo Monacelli
3 5 0     1.8897259890000000     0.0000000000000000     0.0000000000000000     0.0000000000000000     0.0000000000000000     0.0000000000000000
Basis vectors
    4.0162168494695329     0.0000000000000000     0.0000000000000001
   -0.0000000000000002     4.0162168494695285    -0.0000000000000146
   -0.0000000000000005    -0.0000000000000098     4.0162168494695232
	1  'Ba '  125165.9077335107867839
	2  'Ti '  43628.1030349454958923
	3  'O '  14582.1969301625977096
    1     1     0.0000000000000005    -0.0000000000000003    -0.0000000000000000
    2     2     2.0081084247347665     2.0081084247347594     2.0081084247347545
    3     3     0.0000000000000001     2.0081084247347594     2.0081084247347545
    4     3     2.0081084247347665    -0.0000000000000058     2.0081084247347611
    5     3     2.0081084247347669     2.0081084247347638    -0.0000000000000072

     Dynamical Matrix in cartesian axes

     q = (     0.124495269738    -0.124495269738     0.124495269738 )

    1    1
     0.1717880741460439     0.0000000000000000        0.0000000000000000     0.0000000000000000        0.0000000000000000     0.0000000000000000
     0.0000000000000000     0.0000000000000000        0.1717880741460443     0.0000000000000000        0.0000000000000010     0.0000000000000000
     0.0000000000000000     0.0000000000000000        0.0000000000000010     0.0000000000000000        0.1717880741460447     0.0000000000000000
    1    2
    -0.0000000000000000    -0.0000000000000000        0.0000000000000000     0.0000000000000000       -0.0000000000000000    -0.0000000000000000
     0.0000000000000000     0.0000000000000000       -0.0000000000000000     0.0000000000000000        0.0000000000000000     0.0000000000000000
    -0.0000000000000000    -0.0000000000000000        0.0000000000000000     0.0000000000000000       -0.0000000000000000     0.0000000000000000
    1    3
    -0.0000000000000000    -0.0000000000000000        0.0000000000000000     0.0000000000000000        0.0000000000000000     0.0000000000000000
     0.0000000000000000     0.0000000000000000       -0.0000000000000000    -0.0000000000000000       -0.0036243261848581    -0.0000000000000000
     0.0000000000000000     0.0000000000000000       -0.0036243261848581    -0.0000000000000000       -0.0000000000000000    -0.0000000000000000
    1    4
     0.0000000000000000    -0.0000000000000000       -0.0000000000000000     0.0000000000000000       -0.0036243261848581     0.0000000003168487
    -0.0000000000000000     0.0000000000000000       -0.0000000000000000     0.0000000000000000       -0.0000000000000000     0.0000000000000000
    -0.0036243261848581     0.0000000003168487       -0.0000000000000000     0.0000000000000000       -0.0000000000000000     0.0000000000000000
    1    5
     0.0000000000000000    -0.0000000000000000       -0.0036243261848581     0.0000000000000000       -0.0000000000000000     0.0000000000000000
    -0.0036243261848581     0.0000000000000000       -0.0000000000000000     0.0000000000000000       -0.0000000000000000     0.0000000000000000
    -0.0000000000000000     0.0000000000000000       -0.0000000000000000     0.0000000000000000       -0.0000000000000000     0.0000000000000000
    2    1
    -0.0000000000000000     0.0000000000000000        0.0000000000000000    -0.0000000000000000       -0.0000000000000000     0.0000000000000000
     0.0000000000000000    -0.0000000000000000       -0.0000000000000000    -0.0000000000000000        0.0000000000000000    -0.0000000000000000
    -0.0000000000000000     0.0000000000000000        0.0000000000000000    -0.0000000000000000       -0.0000000000000000    -0.0000000000000000
    2    2
     0.5363000509749396     0.0000000000000000        0.0000000000000000     0.0000000000000000        0.0000000000000001     0.0000000000000000
     0.0000000000000000     0.0000000000000000        0.5363000509749407     0.0000000000000000        0.0000000000000033     0.0000000000000000
     0.0000000000000001     0.0000000000000000        0.0000000000000033     0.0000000000000000        0.5363000509749420     0.0000000000000000
    2    3
     0.0000000000000000    -0.0000000000000000        0.0000000000000000    -0.0000000000000000        0.0000000000000000    -0.0000000000000000
     0.0000000000000000    -0.0000000000000000       -0.0000000000000000     0.0000000000000000        0.0000000000000000    -0.0000000000000000
     0.0000000000000000    -0.0000000000000000        0.0000000000000000    -0.0000000000000000       -0.0000000000000000     0.0000000000000000
    2    4
    -0.0000000000000000    -0.0000000000000000       -0.0000000000000000    -0.0000000000000000       -0.0000000000000000    -0.0000000000000000
    -0.0000000000000000    -0.0000000000000000        0.0000000000000000     0.0000000000000000       -0.0000000000000000    -0.0000000000000000
    -0.0000000000000000    -0.0000000000000000       -0.0000000000000000    -0.0000000000000000       -0.0000000000000000    -0.0000000000000000
    2    5
    -0.0000000000000000     0.0000000000000000        0.0000000000000000     0.0000000000000000       -0.0000000000000000     0.0000000000000000
    -0.0000000000000000     0.0000000000000000       -0.0000000000000000     0.0000000000000000        0.0000000000000000    -0.0000000000000000
    -0.0000000000000000     0.0000000000000000        0.0000000000000000    -0.0000000000000000        0.0000000000000000    -0.0000000000000000
    3    1
    -0.0000000000000000     0.0000000000000000        0.0000000000000000    -0.0000000000000000        0.0000000000000000    -0.0000000000000000
     0.0000000000000000    -0.0000000000000000       -0.0000000000000000     0.0000000000000000       -0.0036243261848581     0.0000000000000000
     0.0000000000000000    -0.0000000000000000       -0.0036243261848581     0.0000000000000000       -0.0000000000000000     0.0000000000000000
    3    2
     0.0000000000000000     0.0000000000000000        0.0000000000000000     0.0000000000000000        0.0000000000000000     0.0000000000000000
     0.0000000000000000     0.0000000000000000       -0.0000000000000000    -0.0000000000000000       -0.0000000000000000     0.0000000000000000
     0.0000000000000000     0.0000000000000000        0.0000000000000000     0.0000000000000000       -0.0000000000000000    -0.0000000000000000
    3    3
     0.3126483230021061     0.0000000000000000        0.0000000000000000     0.0000000000000000        0.0000000000000000     0.0000000000000000
     0.0000000000000000     0.0000000000000000        0.1272360244712249     0.0000000000000000        0.0000000000000008     0.0000000000000000
     0.0000000000000000     0.0000000000000000        0.0000000000000008     0.0000000000000000        0.1272360244712252     0.0000000000000000
    3    4
    -0.0000000000000000     0.0000000000000000        0.1681411638481067    -0.0000000146993680        0.0000000000000004    -0.0000000000000000
     0.0876244354470789    -0.0000000076603717        0.0000000000000000    -0.0000000000000000        0.0000000000000000    -0.0000000000000000
     0.0000000000000002    -0.0000000000000000        0.0000000000000000    -0.0000000000000000        0.0000000000000000    -0.0000000000000000
    3    5
    -0.0000000000000000     0.0000000000000000        0.0000000000000006    -0.0000000000000000        0.1681411638481075    -0.0000000000000001
     0.0000000000000003    -0.0000000000000000        0.0000000000000000    -0.0000000000000000        0.0000000000000000    -0.0000000000000000
     0.0876244354470794    -0.0000000000000001        0.0000000000000000    -0.0000000000000000        0.0000000000000000    -0.0000000000000000
    4    1
     0.0000000000000000     0.0000000000000000       -0.0000000000000000    -0.0000000000000000       -0.0036243261848581    -0.0000000003168487
    -0.0000000000000000    -0.0000000000000000       -0.0000000000000000    -0.0000000000000000       -0.0000000000000000    -0.0000000000000000
    -0.0036243261848581    -0.0000000003168487       -0.0000000000000000    -0.0000000000000000       -0.0000000000000000    -0.0000000000000000
    4    2
    -0.0000000000000000     0.0000000000000000       -0.0000000000000000     0.0000000000000000       -0.0000000000000000     0.0000000000000000
    -0.0000000000000000     0.0000000000000000        0.0000000000000000    -0.0000000000000000       -0.0000000000000000     0.0000000000000000
    -0.0000000000000000     0.0000000000000000       -0.0000000000000000     0.0000000000000000       -0.0000000000000000     0.0000000000000000
    4    3
    -0.0000000000000000    -0.0000000000000000        0.0876244354470789     0.0000000076603717        0.0000000000000002     0.0000000000000000
     0.1681411638481067     0.0000000146993680        0.0000000000000000     0.0000000000000000        0.0000000000000000     0.0000000000000000
     0.0000000000000004     0.0000000000000000        0.0000000000000000     0.0000000000000000        0.0000000000000000     0.0000000000000000
    4    4
     0.1272360244712246     0.0000000000000000        0.0000000000000000     0.0000000000000000        0.0000000000000000     0.0000000000000000
     0.0000000000000000     0.0000000000000000        0.3126483230021068     0.0000000000000000        0.0000000000000012     0.0000000000000000
     0.0000000000000000     0.0000000000000000        0.0000000000000012     0.0000000000000000        0.1272360244712252     0.0000000000000000
    4    5
     0.0000000000000000     0.0000000000000000       -0.0000000000000000    -0.0000000000000000       -0.0000000000000000    -0.0000000000000000
    -0.0000000000000000    -0.0000000000000000        0.0000000000000009     0.0000000000000000        0.1681411638481071     0.0000000146993678
    -0.0000000000000000    -0.0000000000000000        0.0876244354470791     0.0000000076603717        0.0000000000000006     0.0000000000000000
    5    1
     0.0000000000000000     0.0000000000000000       -0.0036243261848581    -0.0000000000000000       -0.0000000000000000    -0.0000000000000000
    -0.0036243261848581    -0.0000000000000000       -0.0000000000000000    -0.0000000000000000       -0.0000000000000000    -0.0000000000000000
    -0.0000000000000000    -0.0000000000000000       -0.0000000000000000    -0.0000000000000000       -0.0000000000000000    -0.0000000000000000
    5    2
    -0.0000000000000000    -0.0000000000000000       -0.0000000000000000    -0.0000000000000000       -0.0000000000000000    -0.0000000000000000
     0.0000000000000000    -0.0000000000000000       -0.0000000000000000    -0.0000000000000000        0.0000000000000000     0.0000000000000000
    -0.0000000000000000    -0.0000000000000000        0.0000000000000000     0.0000000000000000        0.0000000000000000     0.0000000000000000
    5    3
    -0.0000000000000000    -0.0000000000000000        0.0000000000000003     0.0000000000000000        0.0876244354470794     0.0000000000000001
     0.0000000000000006     0.0000000000000000        0.0000000000000000     0.0000000000000000        0.0000000000000000     0.0000000000000000
     0.1681411638481075     0.0000000000000001        0.0000000000000000     0.0000000000000000        0.0000000000000000     0.0000000000000000
    5    4
     0.0000000000000000    -0.0000000000000000       -0.0000000000000000     0.0000000000000000       -0.0000000000000000     0.0000000000000000
    -0.0000000000000000     0.0000000000000000        0.0000000000000009    -0.0000000000000000        0.0876244354470791    -0.0000000076603717
    -0.0000000000000000     0.0000000000000000        0.1681411638481071    -0.0000000146993678        0.0000000000000006    -0.0000000000000000
    5    5
     0.1272360244712246     0.0000000000000000        0.0000000000000000     0.0000000000000000        0.0000000000000000     0.0000000000000000
     0.0000000000000000     0.0000000000000000        0.1272360244712249     0.0000000000000000        0.0000000000000015     0.0000000000000000
     0.0000000000000000     0.0000000000000000        0.0000000000000015     0.0000000000000000        0.3126483230021075     0.0000000000000000

     Diagonalizing the dynamical matrix

     q = (     0.124495269738    -0.124495269738     0.124495269738 )

***************************************************************************
   freq (    1) =     3.85263856 [THz] =   128.51017125 [cm-1]
(   0.999602  0.000000  -0.006124  0.000026  -0.008239 -0.000015 )
(  -0.000000 -0.000000   0.000000  0.000000   0.000000  0.000000 )
(  -0.000000 -0.000000  -0.000153 -0.000000  -0.000114  0.000000 )
(  -0.000153 -0.000000  -0.000000  0.000000   0.018592  0.000000 )
(  -0.000114  0.000000   0.018592 -0.000000  -0.000000 -0.000000 )
   freq (    2) =     3.85263856 [THz] =   128.51017125 [cm-1]
(  -0.002670  0.000000  -0.929492  0.021450   0.367059 -0.012363 )
(  -0.000000 -0.000000  -0.000000  0.000000   0.000000  0.000000 )
(  -0.000000 -0.000000   0.006827 -0.000230  -0.017288  0.000399 )
(   0.006827 -0.000230  -0.000000  0.000000  -0.000050 -0.000000 )
(  -0.017288  0.000399  -0.000050 -0.000000   0.000000 -0.000000 )
   freq (    3) =     3.85263856 [THz] =   128.51017125 [cm-1]
(   0.009913  0.000000   0.367212  0.003170   0.929705 -0.001827 )
(  -0.000000 -0.000000  -0.000000  0.000000   0.000000  0.000000 )
(   0.000000 -0.000000   0.017292 -0.000034   0.006830  0.000059 )
(   0.017292 -0.000034  -0.000000  0.000000   0.000184  0.000000 )
(   0.006830  0.000059   0.000184  0.000000  -0.000000 -0.000000 )
   freq (    4) =     5.42219244 [THz] =   180.86484566 [cm-1]
(  -0.000000  0.000000  -0.000000 -0.000000   0.000000  0.000000 )
(  -0.000000 -0.000000  -0.000000  0.000000  -0.000000  0.000000 )
(  -0.000000 -0.000000  -0.459609  0.002019   0.536761  0.002995 )
(   0.459609 -0.002019   0.000000 -0.000000  -0.024746  0.004610 )
(  -0.536761 -0.002995   0.024746 -0.004610  -0.000000  0.000000 )
   freq (    5) =     5.42219244 [THz] =   180.86484566 [cm-1]
(  -0.000000  0.000000   0.000000 -0.000000   0.000000  0.000000 )
(   0.000000  0.000000  -0.000000  0.000000   0.000000 -0.000000 )
(  -0.000000 -0.000000  -0.296674 -0.010630  -0.280976 -0.011975 )
(   0.296674  0.010630   0.000000 -0.000000  -0.567836  0.101699 )
(   0.280976  0.011975   0.567836 -0.101699  -0.000000  0.000000 )
   freq (    6) =     5.42219244 [THz] =   180.86484566 [cm-1]
(   0.000000  0.000000  -0.000000  0.000000  -0.000000 -0.000000 )
(   0.000000 -0.000000  -0.000000  0.000000   0.000000 -0.000000 )
(   0.000000  0.000000  -0.447708 -0.013580  -0.364080 -0.015275 )
(   0.447708  0.013580  -0.000000  0.000000   0.401510 -0.073316 )
(   0.364080  0.015275  -0.401510  0.073316   0.000000 -0.000000 )
   freq (    7) =    10.35639191 [THz] =   345.45200012 [cm-1]
(   0.000000  0.000000   0.000000 -0.000000   0.000000  0.000000 )
(   0.000000 -0.000000   0.000000 -0.000000  -0.000000 -0.000000 )
(  -0.651299  0.000000   0.000000  0.000000  -0.000000  0.000000 )
(  -0.000000 -0.000000   0.749932  0.042917  -0.000000  0.000000 )
(   0.000000  0.000000  -0.000000 -0.000000  -0.098633 -0.042917 )
   freq (    8) =    10.35639191 [THz] =   345.45200012 [cm-1]
(   0.000000  0.000000   0.000000  0.000000   0.000000 -0.000000 )
(  -0.000000  0.000000   0.000000  0.000000   0.000000  0.000000 )
(  -0.492419  0.000000  -0.000000  0.000000  -0.000000 -0.000000 )
(   0.000000  0.000000  -0.314968 -0.056764  -0.000000 -0.000000 )
(  -0.000000 -0.000000  -0.000000  0.000000   0.807387  0.056764 )
   freq (    9) =    11.53442710 [THz] =   384.74701881 [cm-1]
(   0.000000  0.000000  -0.000000  0.000000  -0.000000 -0.000000 )
(  -0.130434 -0.006159  -0.799984  0.002659   0.585632 -0.001626 )
(  -0.000000  0.000000   0.000000  0.000000   0.000000 -0.000000 )
(   0.000000  0.000000   0.000000  0.000000  -0.000000  0.000000 )
(   0.000000 -0.000000   0.000000 -0.000000   0.000000 -0.000000 )
   freq (   10) =    11.53442710 [THz] =   384.74701881 [cm-1]
(   0.000000  0.000000   0.000000 -0.000000  -0.000000  0.000000 )
(  -0.991386  0.007720   0.101308 -0.005664  -0.082296  0.005096 )
(  -0.000000 -0.000000  -0.000000 -0.000000  -0.000000  0.000000 )
(   0.000000 -0.000000   0.000000  0.000000   0.000000 -0.000000 )
(  -0.000000  0.000000  -0.000000  0.000000  -0.000000 -0.000000 )
   freq (   11) =    11.53442710 [THz] =   384.74701881 [cm-1]
(   0.000000  0.000000  -0.000000  0.000000  -0.000000 -0.000000 )
(   0.006506  0.000782  -0.591364 -0.003386  -0.806355 -0.004966 )
(  -0.000000 -0.000000  -0.000000 -0.000000  -0.000000 -0.000000 )
(  -0.000000 -0.000000   0.000000 -0.000000  -0.000000  0.000000 )
(  -0.000000 -0.000000   0.000000 -0.000000   0.000000  0.000000 )
   freq (   12) =    12.62867885 [THz] =   421.24732298 [cm-1]
(   0.000018  0.000000   0.002010 -0.000001  -0.002313  0.000000 )
(   0.000000  0.000000   0.000000 -0.000000  -0.000000  0.000000 )
(   0.000000 -0.000000   0.533774 -0.000091  -0.463750  0.000273 )
(   0.533774 -0.000091  -0.000000 -0.000000  -0.004042 -0.000000 )
(  -0.463750  0.000273  -0.004042  0.000000   0.000000  0.000000 )
   freq (   13) =    12.62867885 [THz] =   421.24732298 [cm-1]
(  -0.003063  0.000000   0.000090 -0.000000   0.000055  0.000000 )
(   0.000000  0.000000  -0.000000 -0.000000   0.000000  0.000000 )
(  -0.000000  0.000000  -0.012712 -0.000002  -0.020790  0.000007 )
(  -0.012712 -0.000002   0.000000 -0.000000   0.706683  0.000000 )
(  -0.020790  0.000007   0.706683  0.000000   0.000000  0.000000 )
   freq (   14) =    12.62867885 [THz] =   421.24732298 [cm-1]
(  -0.000104  0.000000  -0.002312  0.000001  -0.002009 -0.000000 )
(  -0.000000 -0.000000  -0.000000  0.000000  -0.000000 -0.000000 )
(  -0.000000 -0.000000   0.463593  0.000054   0.533385 -0.000162 )
(   0.463593  0.000054  -0.000000  0.000000   0.024031  0.000000 )
(   0.533385 -0.000162   0.024031  0.000000  -0.000000 -0.000000 )
   freq (   15) =    21.94638222 [THz] =   732.05240811 [cm-1]
(   0.000000  0.000000   0.000000  0.000000   0.000000  0.000000 )
(   0.000000 -0.000000  -0.000000 -0.000000  -0.000000  0.000000 )
(  -0.577350  0.000000  -0.000000 -0.000000  -0.000000 -0.000000 )
(  -0.000000  0.000000  -0.577350 -0.000000  -0.000000  0.000000 )
(  -0.000000  0.000000  -0.000000 -0.000000  -0.577350 -0.000000 )
***************************************************************************
