Dynamical matrix file
File generated with the CellConstructor by Lorenzo Monacelli
3 5 0     1.8897259890000000     0.0000000000000000     0.0000000000000000     0.0000000000000000     0.0000000000000000     0.0000000000000000
Basis vectors
    4.0162168494695329     0.0000000000000000     0.0000000000000001
   -0.0000000000000002     4.0162168494695285    -0.0000000000000146
   -0.0000000000000005    -0.0000000000000098     4.0162168494695232
	1  'Ba '  125165.9077335107867839
	2  'Ti '  43628.1030349454958923
	3  'O '  14582.1969301625977096
    1     1     0.0000000000000004    -0.0000000000000002     0.0000000000000001
    2     2     2.0081084247347665     2.0081084247347594     2.0081084247347545
    3     3     0.0000000000000003     2.0081084247347594     2.0081084247347545
    4     3     2.0081084247347665    -0.0000000000000053     2.0081084247347607
    5     3     2.0081084247347669     2.0081084247347643    -0.0000000000000070

     Dynamical Matrix in cartesian axes

     q = (     0.124495269738    -0.124495269738     0.124495269738 )

    1    1
     0.1696658281348754     0.0000000000000000        0.0000000000000000     0.0000000000000000        0.0000000000000000     0.0000000000000000
     0.0000000000000000     0.0000000000000000        0.1696658281348757     0.0000000000000000        0.0000000000000010     0.0000000000000000
     0.0000000000000000     0.0000000000000000        0.0000000000000010     0.0000000000000000        0.1696658281348762     0.0000000000000000
    1    2
    -0.0000000000000000     0.0000000000000000        0.0000000000000000     0.0000000000000000       -0.0000000000000000     0.0000000000000000
     0.0000000000000000     0.0000000000000000        0.0000000000000000     0.0000000000000000        0.0000000000000000     0.0000000000000000
    -0.0000000000000000     0.0000000000000000        0.0000000000000000     0.0000000000000000       -0.0000000000000000     0.0000000000000000
    1    3
    -0.0000000000000000     0.0000000000000000        0.0000000000000000     0.0000000000000000        0.0000000000000000     0.0000000000000000
     0.0000000000000000     0.0000000000000000       -0.0000000000000000     0.0000000000000000       -0.0024512398546034     0.0000000000000000
     0.0000000000000000     0.0000000000000000       -0.0024512398546034     0.0000000000000000       -0.0000000000000000     0.0000000000000000
    1    4
     0.0000000000000000     0.0000000000000000       -0.0000000000000000     0.0000000000000000       -0.0024512398546034     0.0000000000000000
    -0.0000000000000000     0.0000000000000000       -0.0000000000000000     0.0000000000000000       -0.0000000000000000     0.0000000000000000
    -0.0024512398546034     0.0000000000000000       -0.0000000000000000     0.0000000000000000       -0.0000000000000000     0.0000000000000000
    1    5
     0.0000000000000000     0.0000000000000000       -0.0024512398546034     0.0000000000000000       -0.0000000000000000     0.0000000000000000
    -0.0024512398546034     0.0000000000000000       -0.0000000000000000     0.0000000000000000       -0.0000000000000000     0.0000000000000000
    -0.0000000000000000     0.0000000000000000       -0.0000000000000000     0.0000000000000000       -0.0000000000000000     0.0000000000000000
    2    1
    -0.0000000000000000     0.0000000000000000        0.0000000000000000     0.0000000000000000       -0.0000000000000000     0.0000000000000000
     0.0000000000000000     0.0000000000000000        0.0000000000000000     0.0000000000000000        0.0000000000000000     0.0000000000000000
    -0.0000000000000000     0.0000000000000000        0.0000000000000000     0.0000000000000000       -0.0000000000000000     0.0000000000000000
    2    2
     0.5242161376902685     0.0000000000000000        0.0000000000000000     0.0000000000000000        0.0000000000000001     0.0000000000000000
     0.0000000000000000     0.0000000000000000        0.5242161376902696     0.0000000000000000        0.0000000000000032     0.0000000000000000
     0.0000000000000001     0.0000000000000000        0.0000000000000032     0.0000000000000000        0.5242161376902710     0.0000000000000000
    2    3
    -0.0000000000000000     0.0000000000000000        0.0000000000000000     0.0000000000000000       -0.0000000000000000     0.0000000000000000
    -0.0000000000000000     0.0000000000000000        0.0000000000000000     0.0000000000000000        0.0000000000000000     0.0000000000000000
    -0.0000000000000000     0.0000000000000000        0.0000000000000000     0.0000000000000000        0.0000000000000000     0.0000000000000000
    2    4
     0.0000000000000000     0.0000000000000000        0.0000000000000000     0.0000000000000000       -0.0000000000000000     0.0000000000000000
    -0.0000000000000000     0.0000000000000000       -0.0000000000000000     0.0000000000000000       -0.0000000000000000     0.0000000000000000
     0.0000000000000000     0.0000000000000000        0.0000000000000000     0.0000000000000000        0.0000000000000000     0.0000000000000000
    2    5
     0.0000000000000000     0.0000000000000000       -0.0000000000000000     0.0000000000000000        0.0000000000000000     0.0000000000000000
     0.0000000000000000     0.0000000000000000        0.0000000000000000     0.0000000000000000        0.0000000000000000     0.0000000000000000
    -0.0000000000000000     0.0000000000000000       -0.0000000000000000     0.0000000000000000       -0.0000000000000000     0.0000000000000000
    3    1
    -0.0000000000000000     0.0000000000000000        0.0000000000000000     0.0000000000000000        0.0000000000000000     0.0000000000000000
     0.0000000000000000     0.0000000000000000       -0.0000000000000000     0.0000000000000000       -0.0024512398546034     0.0000000000000000
     0.0000000000000000     0.0000000000000000       -0.0024512398546034     0.0000000000000000       -0.0000000000000000     0.0000000000000000
    3    2
    -0.0000000000000000     0.0000000000000000        0.0000000000000000     0.0000000000000000       -0.0000000000000000     0.0000000000000000
     0.0000000000000000     0.0000000000000000        0.0000000000000000     0.0000000000000000        0.0000000000000000     0.0000000000000000
    -0.0000000000000000     0.0000000000000000        0.0000000000000000     0.0000000000000000        0.0000000000000000     0.0000000000000000
    3    3
     0.3016361779798782     0.0000000000000000        0.0000000000000000     0.0000000000000000        0.0000000000000000     0.0000000000000000
     0.0000000000000000     0.0000000000000000        0.1266807349861577     0.0000000000000000        0.0000000000000008     0.0000000000000000
     0.0000000000000000     0.0000000000000000        0.0000000000000008     0.0000000000000000        0.1266807349861580     0.0000000000000000
    3    4
    -0.0000000000000000     0.0000000000000000        0.1673309221521285     0.0000000000000000        0.0000000000000004     0.0000000000000000
     0.0871847329230692     0.0000000000000000        0.0000000000000000     0.0000000000000000        0.0000000000000000     0.0000000000000000
     0.0000000000000002     0.0000000000000000        0.0000000000000000     0.0000000000000000        0.0000000000000000     0.0000000000000000
    3    5
    -0.0000000000000000     0.0000000000000000        0.0000000000000006     0.0000000000000000        0.1673309221521294     0.0000000000000000
     0.0000000000000003     0.0000000000000000        0.0000000000000000     0.0000000000000000        0.0000000000000000     0.0000000000000000
     0.0871847329230696     0.0000000000000000        0.0000000000000000     0.0000000000000000        0.0000000000000000     0.0000000000000000
    4    1
     0.0000000000000000     0.0000000000000000       -0.0000000000000000     0.0000000000000000       -0.0024512398546034     0.0000000000000000
    -0.0000000000000000     0.0000000000000000       -0.0000000000000000     0.0000000000000000       -0.0000000000000000     0.0000000000000000
    -0.0024512398546034     0.0000000000000000       -0.0000000000000000     0.0000000000000000       -0.0000000000000000     0.0000000000000000
    4    2
     0.0000000000000000     0.0000000000000000       -0.0000000000000000     0.0000000000000000        0.0000000000000000     0.0000000000000000
    -0.0000000000000000     0.0000000000000000       -0.0000000000000000     0.0000000000000000       -0.0000000000000000     0.0000000000000000
    -0.0000000000000000     0.0000000000000000       -0.0000000000000000     0.0000000000000000        0.0000000000000000     0.0000000000000000
    4    3
    -0.0000000000000000     0.0000000000000000        0.0871847329230692     0.0000000000000000        0.0000000000000002     0.0000000000000000
     0.1673309221521285     0.0000000000000000        0.0000000000000000     0.0000000000000000        0.0000000000000000     0.0000000000000000
     0.0000000000000004     0.0000000000000000        0.0000000000000000     0.0000000000000000        0.0000000000000000     0.0000000000000000
    4    4
     0.1266807349861575     0.0000000000000000        0.0000000000000000     0.0000000000000000        0.0000000000000000     0.0000000000000000
     0.0000000000000000     0.0000000000000000        0.3016361779798789     0.0000000000000000        0.0000000000000012     0.0000000000000000
     0.0000000000000000     0.0000000000000000        0.0000000000000012     0.0000000000000000        0.1266807349861580     0.0000000000000000
    4    5
     0.0000000000000000     0.0000000000000000       -0.0000000000000000     0.0000000000000000       -0.0000000000000000     0.0000000000000000
    -0.0000000000000000     0.0000000000000000        0.0000000000000009     0.0000000000000000        0.1673309221521289     0.0000000000000000
    -0.0000000000000000     0.0000000000000000        0.0871847329230694     0.0000000000000000        0.0000000000000006     0.0000000000000000
    5    1
     0.0000000000000000     0.0000000000000000       -0.0024512398546034     0.0000000000000000       -0.0000000000000000     0.0000000000000000
    -0.0024512398546034     0.0000000000000000       -0.0000000000000000     0.0000000000000000       -0.0000000000000000     0.0000000000000000
    -0.0000000000000000     0.0000000000000000       -0.0000000000000000     0.0000000000000000       -0.0000000000000000     0.0000000000000000
    5    2
     0.0000000000000000     0.0000000000000000        0.0000000000000000     0.0000000000000000        0.0000000000000000     0.0000000000000000
    -0.0000000000000000     0.0000000000000000        0.0000000000000000     0.0000000000000000        0.0000000000000000     0.0000000000000000
     0.0000000000000000     0.0000000000000000        0.0000000000000000     0.0000000000000000       -0.0000000000000000     0.0000000000000000
    5    3
    -0.0000000000000000     0.0000000000000000        0.0000000000000003     0.0000000000000000        0.0871847329230696     0.0000000000000000
     0.0000000000000006     0.0000000000000000        0.0000000000000000     0.0000000000000000        0.0000000000000000     0.0000000000000000
     0.1673309221521294     0.0000000000000000        0.0000000000000000     0.0000000000000000        0.0000000000000000     0.0000000000000000
    5    4
     0.0000000000000000     0.0000000000000000       -0.0000000000000000     0.0000000000000000       -0.0000000000000000     0.0000000000000000
    -0.0000000000000000     0.0000000000000000        0.0000000000000009     0.0000000000000000        0.0871847329230694     0.0000000000000000
    -0.0000000000000000     0.0000000000000000        0.1673309221521289     0.0000000000000000        0.0000000000000006     0.0000000000000000
    5    5
     0.1266807349861575     0.0000000000000000        0.0000000000000000     0.0000000000000000        0.0000000000000000     0.0000000000000000
     0.0000000000000000     0.0000000000000000        0.1266807349861577     0.0000000000000000        0.0000000000000014     0.0000000000000000
     0.0000000000000000     0.0000000000000000        0.0000000000000014     0.0000000000000000        0.3016361779798796     0.0000000000000000

     Diagonalizing the dynamical matrix

     q = (     0.124495269738    -0.124495269738     0.124495269738 )

***************************************************************************
   freq (    1) =     3.82957155 [THz] =   127.74073859 [cm-1]
(  -0.003253  0.000000  -0.435131  0.000000   0.900184  0.000000 )
(  -0.000000  0.000000   0.000000  0.000000   0.000000  0.000000 )
(   0.000000  0.000000   0.011368  0.000000  -0.005495  0.000000 )
(   0.011368  0.000000  -0.000000  0.000000  -0.000041  0.000000 )
(  -0.005495  0.000000  -0.000041  0.000000  -0.000000  0.000000 )
   freq (    2) =     3.82957155 [THz] =   127.74073859 [cm-1]
(   0.999759  0.000000  -0.012546  0.000000  -0.002452  0.000000 )
(  -0.000000  0.000000  -0.000000  0.000000  -0.000000  0.000000 )
(   0.000000  0.000000  -0.000031  0.000000  -0.000158  0.000000 )
(  -0.000031  0.000000  -0.000000  0.000000   0.012625  0.000000 )
(  -0.000158  0.000000   0.012625  0.000000  -0.000000  0.000000 )
   freq (    3) =     3.82957155 [THz] =   127.74073859 [cm-1]
(   0.012362  0.000000   0.900103  0.000000   0.435136  0.000000 )
(  -0.000000  0.000000  -0.000000  0.000000   0.000000  0.000000 )
(   0.000000  0.000000   0.005495  0.000000   0.011367  0.000000 )
(   0.005495  0.000000   0.000000  0.000000   0.000156  0.000000 )
(   0.011367  0.000000   0.000156  0.000000  -0.000000  0.000000 )
   freq (    4) =     5.41427566 [THz] =   180.60077028 [cm-1]
(   0.000000  0.000000  -0.000000  0.000000   0.000000  0.000000 )
(   0.000000  0.000000   0.000000  0.000000   0.000000  0.000000 )
(   0.000000  0.000000  -0.102871  0.000000  -0.699576  0.000000 )
(   0.102871  0.000000   0.000000  0.000000   0.003328  0.000000 )
(   0.699576  0.000000  -0.003328  0.000000  -0.000000  0.000000 )
   freq (    5) =     5.41427566 [THz] =   180.60077028 [cm-1]
(   0.000000  0.000000  -0.000000  0.000000   0.000000  0.000000 )
(  -0.000000  0.000000   0.000000  0.000000  -0.000000  0.000000 )
(   0.000000  0.000000   0.692399  0.000000  -0.101333  0.000000 )
(  -0.692399  0.000000  -0.000000  0.000000   0.101566  0.000000 )
(   0.101333  0.000000  -0.101566  0.000000   0.000000  0.000000 )
   freq (    6) =     5.41427566 [THz] =   180.60077028 [cm-1]
(  -0.000000  0.000000   0.000000  0.000000   0.000000  0.000000 )
(   0.000000  0.000000   0.000000  0.000000   0.000000  0.000000 )
(   0.000000  0.000000   0.100007  0.000000  -0.018035  0.000000 )
(  -0.100007  0.000000   0.000000  0.000000  -0.699767  0.000000 )
(   0.018035  0.000000   0.699767  0.000000  -0.000000  0.000000 )
   freq (    7) =     9.98413165 [THz] =   333.03473650 [cm-1]
(  -0.000000  0.000000  -0.000000  0.000000  -0.000000  0.000000 )
(   0.000000  0.000000  -0.000000  0.000000   0.000000  0.000000 )
(   0.770361  0.000000   0.000000  0.000000   0.000000  0.000000 )
(  -0.000000  0.000000  -0.150856  0.000000   0.000000  0.000000 )
(  -0.000000  0.000000   0.000000  0.000000  -0.619505  0.000000 )
   freq (    8) =     9.98413165 [THz] =   333.03473650 [cm-1]
(   0.000000  0.000000  -0.000000  0.000000   0.000000  0.000000 )
(  -0.000000  0.000000   0.000000  0.000000   0.000000  0.000000 )
(  -0.270575  0.000000   0.000000  0.000000   0.000000  0.000000 )
(  -0.000000  0.000000   0.802440  0.000000   0.000000  0.000000 )
(   0.000000  0.000000  -0.000000  0.000000  -0.531865  0.000000 )
   freq (    9) =    11.40373988 [THz] =   380.38776311 [cm-1]
(   0.000000  0.000000  -0.000000  0.000000  -0.000000  0.000000 )
(   0.081810  0.000000  -0.783382  0.000000   0.616133  0.000000 )
(  -0.000000  0.000000  -0.000000  0.000000   0.000000  0.000000 )
(  -0.000000  0.000000  -0.000000  0.000000   0.000000  0.000000 )
(   0.000000  0.000000  -0.000000  0.000000   0.000000  0.000000 )
   freq (   10) =    11.40373988 [THz] =   380.38776311 [cm-1]
(  -0.000000  0.000000  -0.000000  0.000000  -0.000000  0.000000 )
(  -0.996581  0.000000  -0.057129  0.000000   0.059690  0.000000 )
(   0.000000  0.000000   0.000000  0.000000   0.000000  0.000000 )
(   0.000000  0.000000  -0.000000  0.000000  -0.000000  0.000000 )
(  -0.000000  0.000000   0.000000  0.000000   0.000000  0.000000 )
   freq (   11) =    11.40373988 [THz] =   380.38776311 [cm-1]
(   0.000000  0.000000   0.000000  0.000000   0.000000  0.000000 )
(  -0.011561  0.000000  -0.618910  0.000000  -0.785377  0.000000 )
(  -0.000000  0.000000  -0.000000  0.000000  -0.000000  0.000000 )
(  -0.000000  0.000000   0.000000  0.000000  -0.000000  0.000000 )
(  -0.000000  0.000000   0.000000  0.000000  -0.000000  0.000000 )
   freq (   12) =    12.59915594 [THz] =   420.26254508 [cm-1]
(  -0.000013  0.000000  -0.001069  0.000000   0.001785  0.000000 )
(  -0.000000  0.000000   0.000000  0.000000  -0.000000  0.000000 )
(  -0.000000  0.000000  -0.606719  0.000000   0.363139  0.000000 )
(  -0.606719  0.000000  -0.000000  0.000000   0.004462  0.000000 )
(   0.363139  0.000000   0.004462  0.000000   0.000000  0.000000 )
   freq (   13) =    12.59915594 [THz] =   420.26254508 [cm-1]
(  -0.002080  0.000000   0.000052  0.000000   0.000016  0.000000 )
(  -0.000000  0.000000   0.000000  0.000000   0.000000  0.000000 )
(  -0.000000  0.000000  -0.005288  0.000000  -0.017519  0.000000 )
(  -0.005288  0.000000   0.000000  0.000000   0.706868  0.000000 )
(  -0.017519  0.000000   0.706868  0.000000  -0.000000  0.000000 )
   freq (   14) =    12.59915594 [THz] =   420.26254508 [cm-1]
(  -0.000052  0.000000  -0.001785  0.000000  -0.001068  0.000000 )
(   0.000000  0.000000  -0.000000  0.000000  -0.000000  0.000000 )
(  -0.000000  0.000000   0.363128  0.000000   0.606482  0.000000 )
(   0.363128  0.000000  -0.000000  0.000000   0.017747  0.000000 )
(   0.606482  0.000000   0.017747  0.000000   0.000000  0.000000 )
   freq (   15) =    21.73171904 [THz] =   724.89201616 [cm-1]
(   0.000000  0.000000   0.000000  0.000000  -0.000000  0.000000 )
(   0.000000  0.000000  -0.000000  0.000000  -0.000000  0.000000 )
(  -0.577350  0.000000   0.000000  0.000000  -0.000000  0.000000 )
(  -0.000000  0.000000  -0.577350  0.000000  -0.000000  0.000000 )
(   0.000000  0.000000  -0.000000  0.000000  -0.577350  0.000000 )
***************************************************************************
