Dynamical matrix file
File generated with the CellConstructor by Lorenzo Monacelli
3 5 0     1.8897259890000000     0.0000000000000000     0.0000000000000000     0.0000000000000000     0.0000000000000000     0.0000000000000000
Basis vectors
    4.0162168494695329     0.0000000000000000     0.0000000000000001
   -0.0000000000000002     4.0162168494695285    -0.0000000000000146
   -0.0000000000000005    -0.0000000000000098     4.0162168494695232
	1  'Ba '  125165.9077335107867839
	2  'Ti '  43628.1030349454958923
	3  'O '  14582.1969301625977096
    1     1    -0.0000000000000001    -0.0000000000000003    -0.0000000000000002
    2     2     2.0081084247347665     2.0081084247347594     2.0081084247347545
    3     3     0.0000000000000001     2.0081084247347594     2.0081084247347545
    4     3     2.0081084247347665    -0.0000000000000055     2.0081084247347607
    5     3     2.0081084247347669     2.0081084247347643    -0.0000000000000073

     Dynamical Matrix in cartesian axes

     q = (     0.124495269738    -0.124495269738     0.124495269738 )

    1    1
     0.1732132184480531     0.0000000000000000        0.0000000000000000     0.0000000000000000        0.0000000000000000     0.0000000000000000
     0.0000000000000000     0.0000000000000000        0.1732132184480535     0.0000000000000000        0.0000000000000011     0.0000000000000000
     0.0000000000000000     0.0000000000000000        0.0000000000000011     0.0000000000000000        0.1732132184480539     0.0000000000000000
    1    2
    -0.0000000000000000     0.0000000000000000       -0.0000000000000000    -0.0000000000000000        0.0000000000000000     0.0000000000000000
    -0.0000000000000000    -0.0000000000000000       -0.0000000000000000    -0.0000000000000000       -0.0000000000000000    -0.0000000000000000
     0.0000000000000000     0.0000000000000000       -0.0000000000000000    -0.0000000000000000       -0.0000000000000000    -0.0000000000000000
    1    3
    -0.0000000000000000    -0.0000000000000000        0.0000000000000000     0.0000000000000000        0.0000000000000000     0.0000000000000000
     0.0000000000000000     0.0000000000000000       -0.0000000000000000    -0.0000000000000000       -0.0043002385469114    -0.0000000000000000
     0.0000000000000000     0.0000000000000000       -0.0043002385469114    -0.0000000000000000       -0.0000000000000000    -0.0000000000000000
    1    4
     0.0000000000000000    -0.0000000000000000       -0.0000000000000000     0.0000000000000000       -0.0043002385469113     0.0000000003759388
    -0.0000000000000000     0.0000000000000000       -0.0000000000000000     0.0000000000000000       -0.0000000000000000     0.0000000000000000
    -0.0043002385469113     0.0000000003759388       -0.0000000000000000     0.0000000000000000       -0.0000000000000000     0.0000000000000000
    1    5
     0.0000000000000000    -0.0000000000000000       -0.0043002385469114     0.0000000000000000       -0.0000000000000000     0.0000000000000000
    -0.0043002385469114     0.0000000000000000       -0.0000000000000000     0.0000000000000000       -0.0000000000000000     0.0000000000000000
    -0.0000000000000000     0.0000000000000000       -0.0000000000000000     0.0000000000000000       -0.0000000000000000     0.0000000000000000
    2    1
    -0.0000000000000000    -0.0000000000000000       -0.0000000000000000     0.0000000000000000        0.0000000000000000    -0.0000000000000000
    -0.0000000000000000     0.0000000000000000       -0.0000000000000000     0.0000000000000000       -0.0000000000000000     0.0000000000000000
     0.0000000000000000    -0.0000000000000000       -0.0000000000000000     0.0000000000000000       -0.0000000000000000     0.0000000000000000
    2    2
     0.5425459040040032     0.0000000000000000        0.0000000000000000     0.0000000000000000        0.0000000000000001     0.0000000000000000
     0.0000000000000000     0.0000000000000000        0.5425459040040044     0.0000000000000000        0.0000000000000033     0.0000000000000000
     0.0000000000000001     0.0000000000000000        0.0000000000000033     0.0000000000000000        0.5425459040040057     0.0000000000000000
    2    3
     0.0000000000000000    -0.0000000000000000       -0.0000000000000000    -0.0000000000000000        0.0000000000000000    -0.0000000000000000
     0.0000000000000000    -0.0000000000000000       -0.0000000000000000     0.0000000000000000        0.0000000000000000     0.0000000000000000
     0.0000000000000000    -0.0000000000000000        0.0000000000000000     0.0000000000000000       -0.0000000000000000     0.0000000000000000
    2    4
    -0.0000000000000000    -0.0000000000000000       -0.0000000000000000    -0.0000000000000000       -0.0000000000000000    -0.0000000000000000
    -0.0000000000000000    -0.0000000000000000        0.0000000000000000     0.0000000000000000       -0.0000000000000000    -0.0000000000000000
     0.0000000000000000    -0.0000000000000000       -0.0000000000000000    -0.0000000000000000       -0.0000000000000000    -0.0000000000000000
    2    5
    -0.0000000000000000     0.0000000000000000       -0.0000000000000000    -0.0000000000000000       -0.0000000000000000     0.0000000000000000
    -0.0000000000000000     0.0000000000000000       -0.0000000000000000     0.0000000000000000       -0.0000000000000000     0.0000000000000000
    -0.0000000000000000     0.0000000000000000       -0.0000000000000000     0.0000000000000000        0.0000000000000000    -0.0000000000000000
    3    1
    -0.0000000000000000     0.0000000000000000        0.0000000000000000    -0.0000000000000000        0.0000000000000000    -0.0000000000000000
     0.0000000000000000    -0.0000000000000000       -0.0000000000000000     0.0000000000000000       -0.0043002385469114     0.0000000000000000
     0.0000000000000000    -0.0000000000000000       -0.0043002385469114     0.0000000000000000       -0.0000000000000000     0.0000000000000000
    3    2
     0.0000000000000000     0.0000000000000000        0.0000000000000000     0.0000000000000000        0.0000000000000000     0.0000000000000000
     0.0000000000000000     0.0000000000000000       -0.0000000000000000    -0.0000000000000000        0.0000000000000000    -0.0000000000000000
     0.0000000000000000     0.0000000000000000        0.0000000000000000    -0.0000000000000000       -0.0000000000000000    -0.0000000000000000
    3    3
     0.3199559717302037     0.0000000000000000        0.0000000000000000     0.0000000000000000        0.0000000000000000     0.0000000000000000
     0.0000000000000000     0.0000000000000000        0.1274717566480080     0.0000000000000000        0.0000000000000008     0.0000000000000000
     0.0000000000000000     0.0000000000000000        0.0000000000000008     0.0000000000000000        0.1274717566480083     0.0000000000000000
    3    4
    -0.0000000000000000     0.0000000000000000        0.1646575003028934    -0.0000000143948163        0.0000000000000004    -0.0000000000000000
     0.0877566243228244    -0.0000000076719280        0.0000000000000000    -0.0000000000000000        0.0000000000000000    -0.0000000000000000
     0.0000000000000002    -0.0000000000000000        0.0000000000000000    -0.0000000000000000        0.0000000000000000    -0.0000000000000000
    3    5
    -0.0000000000000000     0.0000000000000000        0.0000000000000006    -0.0000000000000000        0.1646575003028942    -0.0000000000000000
     0.0000000000000003    -0.0000000000000000        0.0000000000000000    -0.0000000000000000        0.0000000000000000    -0.0000000000000000
     0.0877566243228249    -0.0000000000000000        0.0000000000000000    -0.0000000000000000        0.0000000000000000    -0.0000000000000000
    4    1
     0.0000000000000000     0.0000000000000000       -0.0000000000000000    -0.0000000000000000       -0.0043002385469113    -0.0000000003759388
    -0.0000000000000000    -0.0000000000000000       -0.0000000000000000    -0.0000000000000000       -0.0000000000000000    -0.0000000000000000
    -0.0043002385469113    -0.0000000003759388       -0.0000000000000000    -0.0000000000000000       -0.0000000000000000    -0.0000000000000000
    4    2
    -0.0000000000000000     0.0000000000000000        0.0000000000000000     0.0000000000000000        0.0000000000000000     0.0000000000000000
    -0.0000000000000000     0.0000000000000000        0.0000000000000000    -0.0000000000000000       -0.0000000000000000     0.0000000000000000
    -0.0000000000000000     0.0000000000000000        0.0000000000000000     0.0000000000000000       -0.0000000000000000     0.0000000000000000
    4    3
    -0.0000000000000000    -0.0000000000000000        0.0877566243228244     0.0000000076719280        0.0000000000000002     0.0000000000000000
     0.1646575003028934     0.0000000143948163        0.0000000000000000     0.0000000000000000        0.0000000000000000     0.0000000000000000
     0.0000000000000004     0.0000000000000000        0.0000000000000000     0.0000000000000000        0.0000000000000000     0.0000000000000000
    4    4
     0.1274717566480077     0.0000000000000000        0.0000000000000000     0.0000000000000000        0.0000000000000000     0.0000000000000000
     0.0000000000000000     0.0000000000000000        0.3199559717302044     0.0000000000000000        0.0000000000000012     0.0000000000000000
     0.0000000000000000     0.0000000000000000        0.0000000000000012     0.0000000000000000        0.1274717566480083     0.0000000000000000
    4    5
     0.0000000000000000     0.0000000000000000       -0.0000000000000000    -0.0000000000000000       -0.0000000000000000    -0.0000000000000000
    -0.0000000000000000    -0.0000000000000000        0.0000000000000009     0.0000000000000000        0.1646575003028938     0.0000000143948163
    -0.0000000000000000    -0.0000000000000000        0.0877566243228246     0.0000000076719280        0.0000000000000006     0.0000000000000000
    5    1
     0.0000000000000000     0.0000000000000000       -0.0043002385469114    -0.0000000000000000       -0.0000000000000000    -0.0000000000000000
    -0.0043002385469114    -0.0000000000000000       -0.0000000000000000    -0.0000000000000000       -0.0000000000000000    -0.0000000000000000
    -0.0000000000000000    -0.0000000000000000       -0.0000000000000000    -0.0000000000000000       -0.0000000000000000    -0.0000000000000000
    5    2
    -0.0000000000000000    -0.0000000000000000        0.0000000000000000    -0.0000000000000000        0.0000000000000000    -0.0000000000000000
    -0.0000000000000000     0.0000000000000000       -0.0000000000000000    -0.0000000000000000       -0.0000000000000000    -0.0000000000000000
    -0.0000000000000000    -0.0000000000000000       -0.0000000000000000    -0.0000000000000000        0.0000000000000000     0.0000000000000000
    5    3
    -0.0000000000000000    -0.0000000000000000        0.0000000000000003     0.0000000000000000        0.0877566243228249     0.0000000000000000
     0.0000000000000006     0.0000000000000000        0.0000000000000000     0.0000000000000000        0.0000000000000000     0.0000000000000000
     0.1646575003028942     0.0000000000000000        0.0000000000000000     0.0000000000000000        0.0000000000000000     0.0000000000000000
    5    4
     0.0000000000000000    -0.0000000000000000       -0.0000000000000000     0.0000000000000000       -0.0000000000000000     0.0000000000000000
    -0.0000000000000000     0.0000000000000000        0.0000000000000009    -0.0000000000000000        0.0877566243228246    -0.0000000076719280
    -0.0000000000000000     0.0000000000000000        0.1646575003028938    -0.0000000143948163        0.0000000000000006    -0.0000000000000000
    5    5
     0.1274717566480077     0.0000000000000000        0.0000000000000000     0.0000000000000000        0.0000000000000000     0.0000000000000000
     0.0000000000000000     0.0000000000000000        0.1274717566480080     0.0000000000000000        0.0000000000000015     0.0000000000000000
     0.0000000000000000     0.0000000000000000        0.0000000000000015     0.0000000000000000        0.3199559717302052     0.0000000000000000

     Diagonalizing the dynamical matrix

     q = (     0.124495269738    -0.124495269738     0.124495269738 )

***************************************************************************
   freq (    1) =     3.86798651 [THz] =   129.02212369 [cm-1]
(  -0.007491  0.000000  -0.473250  0.002215   0.880342 -0.000201 )
(  -0.000000  0.000000  -0.000000 -0.000000  -0.000000  0.000000 )
(   0.000000  0.000000   0.019407 -0.000004  -0.010433  0.000049 )
(   0.019407 -0.000004  -0.000000  0.000000  -0.000165 -0.000000 )
(  -0.010433  0.000049  -0.000165  0.000000   0.000000 -0.000000 )
   freq (    2) =     3.86798651 [THz] =   129.02212369 [cm-1]
(   0.999362  0.000000  -0.017459  0.000070  -0.000882 -0.000006 )
(  -0.000000  0.000000   0.000000  0.000000  -0.000000 -0.000000 )
(   0.000000  0.000000  -0.000019 -0.000000  -0.000385  0.000002 )
(  -0.000019 -0.000000  -0.000000  0.000000   0.022030  0.000000 )
(  -0.000385  0.000002   0.022030 -0.000000  -0.000000 -0.000000 )
   freq (    3) =     3.86798651 [THz] =   129.02212369 [cm-1]
(   0.015795  0.000000   0.880195 -0.003353   0.473313  0.000304 )
(   0.000000 -0.000000  -0.000000  0.000000  -0.000000 -0.000000 )
(  -0.000000  0.000000   0.010434  0.000007   0.019403 -0.000074 )
(   0.010434  0.000007  -0.000000 -0.000000   0.000348  0.000000 )
(   0.019403 -0.000074   0.000348 -0.000000   0.000000  0.000000 )
   freq (    4) =     5.42927453 [THz] =   181.10107856 [cm-1]
(  -0.000000  0.000000   0.000000 -0.000000  -0.000000  0.000000 )
(  -0.000000  0.000000  -0.000000 -0.000000   0.000000 -0.000000 )
(  -0.000000 -0.000000  -0.466801  0.006674   0.529178  0.012793 )
(   0.466801 -0.006674   0.000000 -0.000000  -0.042318  0.008251 )
(  -0.529178 -0.012793   0.042318 -0.008251  -0.000000  0.000000 )
   freq (    5) =     5.42927453 [THz] =   181.10107856 [cm-1]
(   0.000000  0.000000   0.000000  0.000000   0.000000 -0.000000 )
(   0.000000  0.000000   0.000000  0.000000  -0.000000  0.000000 )
(  -0.000000 -0.000000   0.523089 -0.003494   0.467992  0.014907 )
(  -0.523089  0.003494  -0.000000  0.000000   0.083041 -0.015217 )
(  -0.467992 -0.014907  -0.083041  0.015217   0.000000 -0.000000 )
   freq (    6) =     5.42927453 [THz] =   181.10107856 [cm-1]
(  -0.000000  0.000000   0.000000 -0.000000  -0.000000 -0.000000 )
(   0.000000  0.000000   0.000000  0.000000  -0.000000 -0.000000 )
(   0.000000  0.000000   0.091746 -0.000600   0.023835  0.000616 )
(  -0.091746  0.000600   0.000000 -0.000000  -0.689117  0.127010 )
(  -0.023835 -0.000616   0.689117 -0.127010  -0.000000  0.000000 )
   freq (    7) =    10.73612070 [THz] =   358.11838754 [cm-1]
(  -0.000000  0.000000  -0.000000  0.000000   0.000000 -0.000000 )
(   0.000000  0.000000   0.000000  0.000000  -0.000000  0.000000 )
(   0.687662 -0.000000  -0.000000  0.000000  -0.000000 -0.000000 )
(   0.000000 -0.000000  -0.722129 -0.047232   0.000000 -0.000000 )
(  -0.000000 -0.000000   0.000000  0.000000   0.034467  0.047232 )
   freq (    8) =    10.73612070 [THz] =   358.11838754 [cm-1]
(   0.000000  0.000000  -0.000000  0.000000  -0.000000 -0.000000 )
(   0.000000  0.000000   0.000000  0.000000  -0.000000  0.000000 )
(  -0.440213 -0.000000  -0.000000  0.000000  -0.000000 -0.000000 )
(   0.000000 -0.000000  -0.370839 -0.073782  -0.000000 -0.000000 )
(  -0.000000 -0.000000  -0.000000  0.000000   0.811051  0.073781 )
   freq (    9) =    11.60139874 [THz] =   386.98095214 [cm-1]
(   0.000000  0.000000  -0.000000 -0.000000  -0.000000 -0.000000 )
(  -0.067860  0.011229  -0.795967  0.016717   0.600972 -0.016090 )
(  -0.000000  0.000000  -0.000000  0.000000   0.000000 -0.000000 )
(  -0.000000  0.000000  -0.000000 -0.000000  -0.000000  0.000000 )
(   0.000000 -0.000000   0.000000 -0.000000   0.000000  0.000000 )
   freq (   10) =    11.60139874 [THz] =   386.98095214 [cm-1]
(   0.000000  0.000000  -0.000000  0.000000   0.000000 -0.000000 )
(   0.997477 -0.005651  -0.064353 -0.006402   0.027870  0.006984 )
(  -0.000000 -0.000000  -0.000000  0.000000   0.000000 -0.000000 )
(  -0.000000  0.000000   0.000000  0.000000   0.000000 -0.000000 )
(   0.000000 -0.000000  -0.000000  0.000000  -0.000000 -0.000000 )
   freq (   11) =    11.60139874 [THz] =   386.98095214 [cm-1]
(  -0.000000  0.000000   0.000000  0.000000   0.000000 -0.000000 )
(   0.016533  0.001829   0.601637  0.002785   0.798591 -0.000441 )
(   0.000000  0.000000  -0.000000  0.000000  -0.000000 -0.000000 )
(  -0.000000 -0.000000  -0.000000 -0.000000  -0.000000  0.000000 )
(  -0.000000 -0.000000   0.000000 -0.000000  -0.000000  0.000000 )
   freq (   12) =    12.63967328 [THz] =   421.61405795 [cm-1]
(  -0.000018  0.000000  -0.002274 -0.000001   0.002832  0.000000 )
(  -0.000000 -0.000000   0.000000  0.000000  -0.000000 -0.000000 )
(  -0.000000 -0.000000  -0.551378 -0.000087   0.442678  0.000206 )
(  -0.551378 -0.000087  -0.000000 -0.000000   0.003493  0.000000 )
(   0.442678  0.000206   0.003493  0.000000   0.000000  0.000000 )
   freq (   13) =    12.63967328 [THz] =   421.61405795 [cm-1]
(  -0.003629  0.000000   0.000129  0.000000   0.000080 -0.000000 )
(   0.000000  0.000000  -0.000000 -0.000000  -0.000000  0.000000 )
(  -0.000000 -0.000000  -0.015642  0.000002  -0.025057 -0.000006 )
(  -0.015642  0.000002   0.000000  0.000000   0.706485  0.000000 )
(  -0.025057 -0.000006   0.706485  0.000000   0.000000 -0.000000 )
   freq (   14) =    12.63967328 [THz] =   421.61405795 [cm-1]
(   0.000151  0.000000   0.002829  0.000001   0.002272 -0.000000 )
(  -0.000000  0.000000  -0.000000 -0.000000  -0.000000  0.000000 )
(   0.000000 -0.000000  -0.442415  0.000047  -0.550819 -0.000111 )
(  -0.442415  0.000047   0.000000  0.000000  -0.029331 -0.000000 )
(  -0.550819 -0.000111  -0.029331  0.000000  -0.000000 -0.000000 )
   freq (   15) =    21.95213619 [THz] =   732.24433973 [cm-1]
(   0.000000  0.000000   0.000000 -0.000000   0.000000 -0.000000 )
(   0.000000 -0.000000  -0.000000 -0.000000   0.000000  0.000000 )
(  -0.577350  0.000000  -0.000000  0.000000  -0.000000  0.000000 )
(  -0.000000  0.000000  -0.577350 -0.000000  -0.000000 -0.000000 )
(  -0.000000  0.000000  -0.000000  0.000000  -0.577350 -0.000000 )
***************************************************************************
