Dynamical matrix file
File generated with the CellConstructor by Lorenzo Monacelli
3 5 0     1.8897259890000000     0.0000000000000000     0.0000000000000000     0.0000000000000000     0.0000000000000000     0.0000000000000000
Basis vectors
    4.0162168494695329     0.0000000000000000     0.0000000000000001
   -0.0000000000000002     4.0162168494695285    -0.0000000000000146
   -0.0000000000000005    -0.0000000000000098     4.0162168494695232
	1  'Ba '  125165.9077335107867839
	2  'Ti '  43628.1030349454958923
	3  'O '  14582.1969301625977096
    1     1     0.0000000000000004    -0.0000000000000001    -0.0000000000000001
    2     2     2.0081084247347665     2.0081084247347594     2.0081084247347545
    3     3     0.0000000000000005     2.0081084247347594     2.0081084247347545
    4     3     2.0081084247347665    -0.0000000000000058     2.0081084247347607
    5     3     2.0081084247347669     2.0081084247347638    -0.0000000000000072

     Dynamical Matrix in cartesian axes

     q = (     0.000000000000     0.000000000000     0.000000000000 )

    1    1
     0.1255470687320087     0.0000000000000000        0.0000000000000000     0.0000000000000000        0.0000000000000000     0.0000000000000000
     0.0000000000000000     0.0000000000000000        0.1255470687320089     0.0000000000000000        0.0000000000000008     0.0000000000000000
     0.0000000000000000     0.0000000000000000        0.0000000000000008     0.0000000000000000        0.1255470687320093     0.0000000000000000
    1    2
    -0.0677689918628779     0.0000000000000000       -0.0000000000000000     0.0000000000000000       -0.0000000000000000     0.0000000000000000
    -0.0000000000000000     0.0000000000000000       -0.0677689918628780     0.0000000000000000       -0.0000000000000004     0.0000000000000000
    -0.0000000000000000     0.0000000000000000       -0.0000000000000004     0.0000000000000000       -0.0677689918628782     0.0000000000000000
    1    3
    -0.0219138255189154     0.0000000000000000       -0.0000000000000000     0.0000000000000000       -0.0000000000000000     0.0000000000000000
    -0.0000000000000000     0.0000000000000000       -0.0179321256751077     0.0000000000000000       -0.0000000000000001     0.0000000000000000
    -0.0000000000000000     0.0000000000000000       -0.0000000000000001     0.0000000000000000       -0.0179321256751077     0.0000000000000000
    1    4
    -0.0179321256751076     0.0000000000000000       -0.0000000000000000     0.0000000000000000       -0.0000000000000000     0.0000000000000000
    -0.0000000000000000     0.0000000000000000       -0.0219138255189154     0.0000000000000000       -0.0000000000000001     0.0000000000000000
    -0.0000000000000000     0.0000000000000000       -0.0000000000000001     0.0000000000000000       -0.0179321256751077     0.0000000000000000
    1    5
    -0.0179321256751076     0.0000000000000000       -0.0000000000000000     0.0000000000000000       -0.0000000000000000     0.0000000000000000
    -0.0000000000000000     0.0000000000000000       -0.0179321256751077     0.0000000000000000       -0.0000000000000001     0.0000000000000000
    -0.0000000000000000     0.0000000000000000       -0.0000000000000001     0.0000000000000000       -0.0219138255189155     0.0000000000000000
    2    1
    -0.0677689918628779     0.0000000000000000       -0.0000000000000000     0.0000000000000000       -0.0000000000000000     0.0000000000000000
    -0.0000000000000000     0.0000000000000000       -0.0677689918628780     0.0000000000000000       -0.0000000000000004     0.0000000000000000
    -0.0000000000000000     0.0000000000000000       -0.0000000000000004     0.0000000000000000       -0.0677689918628782     0.0000000000000000
    2    2
     0.0592055157751774     0.0000000000000000        0.0000000000000000     0.0000000000000000        0.0000000000000000     0.0000000000000000
     0.0000000000000000     0.0000000000000000        0.0592055157751775     0.0000000000000000        0.0000000000000004     0.0000000000000000
     0.0000000000000000     0.0000000000000000        0.0000000000000004     0.0000000000000000        0.0592055157751776     0.0000000000000000
    2    3
     0.0489886371238757     0.0000000000000000        0.0000000000000000     0.0000000000000000        0.0000000000000000     0.0000000000000000
     0.0000000000000000     0.0000000000000000       -0.0202125805180876     0.0000000000000000       -0.0000000000000001     0.0000000000000000
     0.0000000000000000     0.0000000000000000       -0.0000000000000001     0.0000000000000000       -0.0202125805180876     0.0000000000000000
    2    4
    -0.0202125805180875     0.0000000000000000       -0.0000000000000000     0.0000000000000000       -0.0000000000000000     0.0000000000000000
    -0.0000000000000000     0.0000000000000000        0.0489886371238758     0.0000000000000000        0.0000000000000000     0.0000000000000000
    -0.0000000000000000     0.0000000000000000        0.0000000000000000     0.0000000000000000       -0.0202125805180876     0.0000000000000000
    2    5
    -0.0202125805180875     0.0000000000000000       -0.0000000000000000     0.0000000000000000       -0.0000000000000000     0.0000000000000000
    -0.0000000000000000     0.0000000000000000       -0.0202125805180876     0.0000000000000000        0.0000000000000001     0.0000000000000000
    -0.0000000000000000     0.0000000000000000        0.0000000000000001     0.0000000000000000        0.0489886371238759     0.0000000000000000
    3    1
    -0.0219138255189154     0.0000000000000000       -0.0000000000000000     0.0000000000000000       -0.0000000000000000     0.0000000000000000
    -0.0000000000000000     0.0000000000000000       -0.0179321256751077     0.0000000000000000       -0.0000000000000001     0.0000000000000000
    -0.0000000000000000     0.0000000000000000       -0.0000000000000001     0.0000000000000000       -0.0179321256751077     0.0000000000000000
    3    2
     0.0489886371238757     0.0000000000000000        0.0000000000000000     0.0000000000000000        0.0000000000000000     0.0000000000000000
     0.0000000000000000     0.0000000000000000       -0.0202125805180876     0.0000000000000000       -0.0000000000000001     0.0000000000000000
     0.0000000000000000     0.0000000000000000       -0.0000000000000001     0.0000000000000000       -0.0202125805180876     0.0000000000000000
    3    3
     0.1453295496970628     0.0000000000000000        0.0000000000000000     0.0000000000000000        0.0000000000000000     0.0000000000000000
     0.0000000000000000     0.0000000000000000        0.1115669798812533     0.0000000000000000        0.0000000000000007     0.0000000000000000
     0.0000000000000000     0.0000000000000000        0.0000000000000007     0.0000000000000000        0.1115669798812536     0.0000000000000000
    3    4
    -0.0862021806510117     0.0000000000000000       -0.0000000000000000     0.0000000000000000       -0.0000000000000000     0.0000000000000000
    -0.0000000000000000     0.0000000000000000       -0.0862021806510119     0.0000000000000000       -0.0000000000000002     0.0000000000000000
    -0.0000000000000000     0.0000000000000000       -0.0000000000000002     0.0000000000000000        0.0127799069629539     0.0000000000000000
    3    5
    -0.0862021806510117     0.0000000000000000       -0.0000000000000000     0.0000000000000000       -0.0000000000000000     0.0000000000000000
    -0.0000000000000000     0.0000000000000000        0.0127799069629538     0.0000000000000000       -0.0000000000000003     0.0000000000000000
    -0.0000000000000000     0.0000000000000000       -0.0000000000000003     0.0000000000000000       -0.0862021806510122     0.0000000000000000
    4    1
    -0.0179321256751076     0.0000000000000000       -0.0000000000000000     0.0000000000000000       -0.0000000000000000     0.0000000000000000
    -0.0000000000000000     0.0000000000000000       -0.0219138255189154     0.0000000000000000       -0.0000000000000001     0.0000000000000000
    -0.0000000000000000     0.0000000000000000       -0.0000000000000001     0.0000000000000000       -0.0179321256751077     0.0000000000000000
    4    2
    -0.0202125805180875     0.0000000000000000       -0.0000000000000000     0.0000000000000000       -0.0000000000000000     0.0000000000000000
    -0.0000000000000000     0.0000000000000000        0.0489886371238758     0.0000000000000000        0.0000000000000000     0.0000000000000000
    -0.0000000000000000     0.0000000000000000        0.0000000000000000     0.0000000000000000       -0.0202125805180876     0.0000000000000000
    4    3
    -0.0862021806510117     0.0000000000000000       -0.0000000000000000     0.0000000000000000       -0.0000000000000000     0.0000000000000000
    -0.0000000000000000     0.0000000000000000       -0.0862021806510119     0.0000000000000000       -0.0000000000000002     0.0000000000000000
    -0.0000000000000000     0.0000000000000000       -0.0000000000000002     0.0000000000000000        0.0127799069629539     0.0000000000000000
    4    4
     0.1115669798812530     0.0000000000000000        0.0000000000000000     0.0000000000000000        0.0000000000000000     0.0000000000000000
     0.0000000000000000     0.0000000000000000        0.1453295496970631     0.0000000000000000        0.0000000000000008     0.0000000000000000
     0.0000000000000000     0.0000000000000000        0.0000000000000008     0.0000000000000000        0.1115669798812536     0.0000000000000000
    4    5
     0.0127799069629538     0.0000000000000000        0.0000000000000000     0.0000000000000000        0.0000000000000000     0.0000000000000000
     0.0000000000000000     0.0000000000000000       -0.0862021806510119     0.0000000000000000       -0.0000000000000005     0.0000000000000000
     0.0000000000000000     0.0000000000000000       -0.0000000000000005     0.0000000000000000       -0.0862021806510122     0.0000000000000000
    5    1
    -0.0179321256751076     0.0000000000000000       -0.0000000000000000     0.0000000000000000       -0.0000000000000000     0.0000000000000000
    -0.0000000000000000     0.0000000000000000       -0.0179321256751077     0.0000000000000000       -0.0000000000000001     0.0000000000000000
    -0.0000000000000000     0.0000000000000000       -0.0000000000000001     0.0000000000000000       -0.0219138255189155     0.0000000000000000
    5    2
    -0.0202125805180875     0.0000000000000000       -0.0000000000000000     0.0000000000000000       -0.0000000000000000     0.0000000000000000
    -0.0000000000000000     0.0000000000000000       -0.0202125805180876     0.0000000000000000        0.0000000000000001     0.0000000000000000
    -0.0000000000000000     0.0000000000000000        0.0000000000000001     0.0000000000000000        0.0489886371238759     0.0000000000000000
    5    3
    -0.0862021806510117     0.0000000000000000       -0.0000000000000000     0.0000000000000000       -0.0000000000000000     0.0000000000000000
    -0.0000000000000000     0.0000000000000000        0.0127799069629538     0.0000000000000000       -0.0000000000000003     0.0000000000000000
    -0.0000000000000000     0.0000000000000000       -0.0000000000000003     0.0000000000000000       -0.0862021806510122     0.0000000000000000
    5    4
     0.0127799069629538     0.0000000000000000        0.0000000000000000     0.0000000000000000        0.0000000000000000     0.0000000000000000
     0.0000000000000000     0.0000000000000000       -0.0862021806510119     0.0000000000000000       -0.0000000000000005     0.0000000000000000
     0.0000000000000000     0.0000000000000000       -0.0000000000000005     0.0000000000000000       -0.0862021806510122     0.0000000000000000
    5    5
     0.1115669798812530     0.0000000000000000        0.0000000000000000     0.0000000000000000        0.0000000000000000     0.0000000000000000
     0.0000000000000000     0.0000000000000000        0.1115669798812533     0.0000000000000000        0.0000000000000008     0.0000000000000000
     0.0000000000000000     0.0000000000000000        0.0000000000000008     0.0000000000000000        0.1453295496970634     0.0000000000000000

     Diagonalizing the dynamical matrix

     q = (     0.000000000000     0.000000000000     0.000000000000 )

***************************************************************************
   freq (    1) =    -0.00000021 [THz] =    -0.00000687 [cm-1]
(   0.048829  0.000000  -0.269472  0.000000  -0.353554  0.000000 )
(   0.048829  0.000000  -0.269472  0.000000  -0.353554  0.000000 )
(   0.048829  0.000000  -0.269472  0.000000  -0.353554  0.000000 )
(   0.048829  0.000000  -0.269472  0.000000  -0.353554  0.000000 )
(   0.048829  0.000000  -0.269472  0.000000  -0.353554  0.000000 )
   freq (    2) =    -0.00000014 [THz] =    -0.00000480 [cm-1]
(  -0.047345  0.000000   0.350506  0.000000  -0.273687  0.000000 )
(  -0.047345  0.000000   0.350506  0.000000  -0.273687  0.000000 )
(  -0.047345  0.000000   0.350506  0.000000  -0.273687  0.000000 )
(  -0.047345  0.000000   0.350506  0.000000  -0.273687  0.000000 )
(  -0.047345  0.000000   0.350506  0.000000  -0.273687  0.000000 )
   freq (    3) =    -0.00000011 [THz] =    -0.00000377 [cm-1]
(   0.442012  0.000000   0.067312  0.000000   0.009742  0.000000 )
(   0.442012  0.000000   0.067312  0.000000   0.009742  0.000000 )
(   0.442012  0.000000   0.067312  0.000000   0.009742  0.000000 )
(   0.442012  0.000000   0.067312  0.000000   0.009742  0.000000 )
(   0.442012  0.000000   0.067312  0.000000   0.009742  0.000000 )
   freq (    4) =     2.27167800 [THz] =    75.77501094 [cm-1]
(  -0.000103  0.000000   0.012913  0.000000  -0.010900  0.000000 )
(  -0.002747  0.000000   0.346027  0.000000  -0.292072  0.000000 )
(   0.004082  0.000000  -0.315983  0.000000   0.266713  0.000000 )
(   0.002509  0.000000  -0.514142  0.000000   0.266713  0.000000 )
(   0.002509  0.000000  -0.315983  0.000000   0.433973  0.000000 )
   freq (    5) =     2.27167800 [THz] =    75.77501094 [cm-1]
(   0.016898  0.000000   0.000029  0.000000  -0.000125  0.000000 )
(   0.452809  0.000000   0.000766  0.000000  -0.003351  0.000000 )
(  -0.672804  0.000000  -0.000700  0.000000   0.003060  0.000000 )
(  -0.413494  0.000000  -0.001139  0.000000   0.003060  0.000000 )
(  -0.413494  0.000000  -0.000700  0.000000   0.004980  0.000000 )
   freq (    6) =     2.27167800 [THz] =    75.77501094 [cm-1]
(  -0.000077  0.000000  -0.010900  0.000000  -0.012913  0.000000 )
(  -0.002067  0.000000  -0.292084  0.000000  -0.346021  0.000000 )
(   0.003071  0.000000   0.266724  0.000000   0.315978  0.000000 )
(   0.001887  0.000000   0.433991  0.000000   0.315978  0.000000 )
(   0.001887  0.000000   0.266724  0.000000   0.514134  0.000000 )
   freq (    7) =     5.14617956 [THz] =   171.65804822 [cm-1]
(  -0.006767  0.000000  -0.286514  0.000000   0.184569  0.000000 )
(   0.010484  0.000000   0.443876  0.000000  -0.285940  0.000000 )
(   0.008381  0.000000   0.388216  0.000000  -0.250084  0.000000 )
(   0.009169  0.000000   0.354832  0.000000  -0.250084  0.000000 )
(   0.009169  0.000000   0.388216  0.000000  -0.228579  0.000000 )
   freq (    8) =     5.14617956 [THz] =   171.65804822 [cm-1]
(   0.340813  0.000000  -0.004774  0.000000   0.005085  0.000000 )
(  -0.527997  0.000000   0.007395  0.000000  -0.007879  0.000000 )
(  -0.422078  0.000000   0.006468  0.000000  -0.006891  0.000000 )
(  -0.461789  0.000000   0.005912  0.000000  -0.006891  0.000000 )
(  -0.461789  0.000000   0.006468  0.000000  -0.006298  0.000000 )
   freq (    9) =     5.14617956 [THz] =   171.65804822 [cm-1]
(   0.001690  0.000000  -0.184631  0.000000  -0.286549  0.000000 )
(  -0.002618  0.000000   0.286036  0.000000   0.443930  0.000000 )
(  -0.002093  0.000000   0.250169  0.000000   0.388263  0.000000 )
(  -0.002290  0.000000   0.228656  0.000000   0.388263  0.000000 )
(  -0.002290  0.000000   0.250169  0.000000   0.354875  0.000000 )
   freq (   10) =     8.56276162 [THz] =   285.62294222 [cm-1]
(   0.000000  0.000000  -0.000000  0.000000  -0.000000  0.000000 )
(  -0.000000  0.000000  -0.000000  0.000000   0.000000  0.000000 )
(   0.000000  0.000000   0.282756  0.000000  -0.154855  0.000000 )
(   0.629340  0.000000  -0.000000  0.000000   0.154855  0.000000 )
(  -0.629340  0.000000  -0.282756  0.000000   0.000000  0.000000 )
   freq (   11) =     8.56276162 [THz] =   285.62294222 [cm-1]
(  -0.000000  0.000000   0.000000  0.000000  -0.000000  0.000000 )
(  -0.000000  0.000000   0.000000  0.000000  -0.000000  0.000000 )
(  -0.000000  0.000000  -0.538378  0.000000   0.326151  0.000000 )
(   0.322140  0.000000   0.000000  0.000000  -0.326151  0.000000 )
(  -0.322140  0.000000   0.538378  0.000000  -0.000000  0.000000 )
   freq (   12) =     8.56276162 [THz] =   285.62294222 [cm-1]
(   0.000000  0.000000   0.000000  0.000000  -0.000000  0.000000 )
(  -0.000000  0.000000   0.000000  0.000000   0.000000  0.000000 )
(  -0.000000  0.000000   0.360829  0.000000   0.607985  0.000000 )
(  -0.012517  0.000000   0.000000  0.000000  -0.607985  0.000000 )
(   0.012517  0.000000  -0.360829  0.000000   0.000000  0.000000 )
   freq (   13) =    13.93042378 [THz] =   464.66885406 [cm-1]
(   0.000163  0.000000   0.001676  0.000000   0.001161  0.000000 )
(  -0.006106  0.000000  -0.062828  0.000000  -0.043537  0.000000 )
(  -0.058712  0.000000   0.388848  0.000000   0.269458  0.000000 )
(   0.037791  0.000000  -0.604106  0.000000   0.269458  0.000000 )
(   0.037791  0.000000   0.388848  0.000000  -0.418625  0.000000 )
   freq (   14) =    13.93042378 [THz] =   464.66885406 [cm-1]
(  -0.002039  0.000000   0.000139  0.000000   0.000085  0.000000 )
(   0.076438  0.000000  -0.005219  0.000000  -0.003188  0.000000 )
(   0.734969  0.000000   0.032303  0.000000   0.019734  0.000000 )
(  -0.473081  0.000000  -0.050185  0.000000   0.019734  0.000000 )
(  -0.473081  0.000000   0.032303  0.000000  -0.030658  0.000000 )
   freq (   15) =    13.93042378 [THz] =   464.66885406 [cm-1]
(   0.000009  0.000000   0.001164  0.000000  -0.001681  0.000000 )
(  -0.000351  0.000000  -0.043653  0.000000   0.063043  0.000000 )
(  -0.003375  0.000000   0.270171  0.000000  -0.390181  0.000000 )
(   0.002172  0.000000  -0.419732  0.000000  -0.390181  0.000000 )
(   0.002172  0.000000   0.270171  0.000000   0.606178  0.000000 )
***************************************************************************
