Dynamical matrix file
File generated with the CellConstructor by Lorenzo Monacelli
3 5 0     1.8897259890000000     0.0000000000000000     0.0000000000000000     0.0000000000000000     0.0000000000000000     0.0000000000000000
Basis vectors
    4.0162168494695329     0.0000000000000000     0.0000000000000001
   -0.0000000000000002     4.0162168494695285    -0.0000000000000146
   -0.0000000000000005    -0.0000000000000098     4.0162168494695232
	1  'Ba '  125165.9077335107867839
	2  'Ti '  43628.1030349454958923
	3  'O '  14582.1969301625977096
    1     1     0.0000000000000005    -0.0000000000000001     0.0000000000000001
    2     2     2.0081084247347665     2.0081084247347594     2.0081084247347545
    3     3     0.0000000000000003     2.0081084247347594     2.0081084247347545
    4     3     2.0081084247347665    -0.0000000000000055     2.0081084247347607
    5     3     2.0081084247347669     2.0081084247347638    -0.0000000000000073

     Dynamical Matrix in cartesian axes

     q = (    -0.124495269738    -0.000000000000    -0.000000000000 )

    1    1
     0.2672327538739943     0.0000000000000000        0.0000000000000000     0.0000000000000000        0.0000000000000000     0.0000000000000000
     0.0000000000000000     0.0000000000000000        0.1222078079328816     0.0000000000000000        0.0000000000000007     0.0000000000000000
     0.0000000000000000     0.0000000000000000        0.0000000000000007     0.0000000000000000        0.1222078079328818     0.0000000000000000
    1    2
     0.0000000000000000    -0.0000000000000000        0.0000000000000000    -0.0000000000000000        0.0000000000000000    -0.0000000000000000
     0.0000000000000000    -0.0000000000000000       -0.0000000000000000     0.0000000000000000        0.0000000000000000     0.0000000000000000
     0.0000000000000000    -0.0000000000000000       -0.0000000000000000     0.0000000000000000       -0.0000000000000000     0.0000000000000000
    1    3
    -0.1263868587965306     0.0000000000000000       -0.0000000000000000     0.0000000000000000       -0.0000000000000000     0.0000000000000000
    -0.0000000000000000     0.0000000000000000       -0.0179642670365729     0.0000000000000000       -0.0000000000000001     0.0000000000000000
    -0.0000000000000000     0.0000000000000000       -0.0000000000000001     0.0000000000000000       -0.0179642670365730     0.0000000000000000
    1    4
    -0.0000000000000000     0.0000000000000000       -0.0000000000000000     0.0000000000000000        0.0000000000000000    -0.0000000000000000
    -0.0000000000000000     0.0000000000000000        0.0000000000000000    -0.0000000000000000       -0.0000000000000000     0.0000000000000000
     0.0000000000000000    -0.0000000000000000       -0.0000000000000000     0.0000000000000000       -0.0000000000000000     0.0000000000000000
    1    5
    -0.0000000000000000     0.0000000000000000        0.0000000000000000    -0.0000000000000000       -0.0000000000000000     0.0000000000000000
     0.0000000000000000    -0.0000000000000000       -0.0000000000000000     0.0000000000000000        0.0000000000000000    -0.0000000000000000
    -0.0000000000000000     0.0000000000000000        0.0000000000000000    -0.0000000000000000        0.0000000000000000    -0.0000000000000000
    2    1
     0.0000000000000000     0.0000000000000000        0.0000000000000000     0.0000000000000000        0.0000000000000000     0.0000000000000000
     0.0000000000000000     0.0000000000000000       -0.0000000000000000    -0.0000000000000000       -0.0000000000000000    -0.0000000000000000
     0.0000000000000000     0.0000000000000000        0.0000000000000000    -0.0000000000000000       -0.0000000000000000    -0.0000000000000000
    2    2
     0.6075517176831161     0.0000000000000000        0.0000000000000000     0.0000000000000000        0.0000000000000001     0.0000000000000000
     0.0000000000000000     0.0000000000000000        0.0556816414793386     0.0000000000000000        0.0000000000000003     0.0000000000000000
     0.0000000000000001     0.0000000000000000        0.0000000000000003     0.0000000000000000        0.0556816414793387     0.0000000000000000
    2    3
     0.0000000000000000     0.0000000000000000        0.0000000000000000     0.0000000000000000        0.0000000000000000     0.0000000000000000
     0.0000000000000000     0.0000000000000000        0.0000000000000000     0.0000000000000000       -0.0000000000000000     0.0000000000000000
     0.0000000000000000     0.0000000000000000       -0.0000000000000000     0.0000000000000000        0.0000000000000000     0.0000000000000000
    2    4
    -0.1402607321664542    -0.0000000000000000       -0.0000000000000000    -0.0000000000000000       -0.0000000000000000    -0.0000000000000000
    -0.0000000000000000    -0.0000000000000000        0.0542276388056043     0.0000000000000000        0.0000000000000001     0.0000000000000000
    -0.0000000000000000    -0.0000000000000000        0.0000000000000001     0.0000000000000000       -0.0220715854259522    -0.0000000000000000
    2    5
    -0.1402607321664542    -0.0000000000000000       -0.0000000000000000    -0.0000000000000000       -0.0000000000000000    -0.0000000000000000
    -0.0000000000000000    -0.0000000000000000       -0.0220715854259521    -0.0000000000000000        0.0000000000000001     0.0000000000000000
    -0.0000000000000000    -0.0000000000000000        0.0000000000000001     0.0000000000000000        0.0542276388056045     0.0000000000000000
    3    1
    -0.1263868587965306    -0.0000000000000000       -0.0000000000000000    -0.0000000000000000       -0.0000000000000000    -0.0000000000000000
    -0.0000000000000000    -0.0000000000000000       -0.0179642670365729    -0.0000000000000000       -0.0000000000000001    -0.0000000000000000
    -0.0000000000000000    -0.0000000000000000       -0.0000000000000001    -0.0000000000000000       -0.0179642670365730    -0.0000000000000000
    3    2
     0.0000000000000000    -0.0000000000000000        0.0000000000000000    -0.0000000000000000        0.0000000000000000    -0.0000000000000000
     0.0000000000000000    -0.0000000000000000        0.0000000000000000    -0.0000000000000000       -0.0000000000000000    -0.0000000000000000
     0.0000000000000000    -0.0000000000000000       -0.0000000000000000    -0.0000000000000000        0.0000000000000000    -0.0000000000000000
    3    3
     0.4987786799397527     0.0000000000000000        0.0000000000000000     0.0000000000000000        0.0000000000000001     0.0000000000000000
     0.0000000000000000     0.0000000000000000        0.1316769531761058     0.0000000000000000        0.0000000000000008     0.0000000000000000
     0.0000000000000001     0.0000000000000000        0.0000000000000008     0.0000000000000000        0.1316769531761062     0.0000000000000000
    3    4
    -0.0000000000000000     0.0000000000000000        0.0000000000000000    -0.0000000000000000       -0.0000000000000000     0.0000000000000000
     0.0000000000000000    -0.0000000000000000       -0.0000000000000000     0.0000000000000000        0.0000000000000000     0.0000000000000000
    -0.0000000000000000     0.0000000000000000       -0.0000000000000000     0.0000000000000000       -0.0000000000000000     0.0000000000000000
    3    5
    -0.0000000000000000     0.0000000000000000       -0.0000000000000000     0.0000000000000000        0.0000000000000000    -0.0000000000000000
    -0.0000000000000000     0.0000000000000000       -0.0000000000000000     0.0000000000000000       -0.0000000000000000     0.0000000000000000
     0.0000000000000000    -0.0000000000000000        0.0000000000000000     0.0000000000000000       -0.0000000000000000     0.0000000000000000
    4    1
    -0.0000000000000000    -0.0000000000000000       -0.0000000000000000    -0.0000000000000000        0.0000000000000000     0.0000000000000000
    -0.0000000000000000    -0.0000000000000000        0.0000000000000000     0.0000000000000000       -0.0000000000000000    -0.0000000000000000
     0.0000000000000000     0.0000000000000000        0.0000000000000000    -0.0000000000000000       -0.0000000000000000    -0.0000000000000000
    4    2
    -0.1402607321664542     0.0000000000000000       -0.0000000000000000     0.0000000000000000       -0.0000000000000000     0.0000000000000000
    -0.0000000000000000     0.0000000000000000        0.0542276388056043    -0.0000000000000000        0.0000000000000001    -0.0000000000000000
    -0.0000000000000000     0.0000000000000000        0.0000000000000001    -0.0000000000000000       -0.0220715854259522     0.0000000000000000
    4    3
    -0.0000000000000000    -0.0000000000000000        0.0000000000000000     0.0000000000000000       -0.0000000000000000    -0.0000000000000000
     0.0000000000000000     0.0000000000000000       -0.0000000000000000    -0.0000000000000000       -0.0000000000000000    -0.0000000000000000
    -0.0000000000000000    -0.0000000000000000        0.0000000000000000    -0.0000000000000000       -0.0000000000000000    -0.0000000000000000
    4    4
     0.1642154761541939     0.0000000000000000        0.0000000000000000     0.0000000000000000        0.0000000000000000     0.0000000000000000
     0.0000000000000000     0.0000000000000000        0.1505080839874391     0.0000000000000000        0.0000000000000008     0.0000000000000000
     0.0000000000000000     0.0000000000000000        0.0000000000000008     0.0000000000000000        0.1257070603651813     0.0000000000000000
    4    5
     0.0422472612939069     0.0000000000000000        0.0000000000000000     0.0000000000000000        0.0000000000000000     0.0000000000000000
     0.0000000000000000     0.0000000000000000       -0.0901743777547517    -0.0000000000000000       -0.0000000000000005    -0.0000000000000000
     0.0000000000000000     0.0000000000000000       -0.0000000000000005    -0.0000000000000000       -0.0901743777547519    -0.0000000000000000
    5    1
    -0.0000000000000000    -0.0000000000000000        0.0000000000000000     0.0000000000000000       -0.0000000000000000    -0.0000000000000000
     0.0000000000000000     0.0000000000000000       -0.0000000000000000    -0.0000000000000000        0.0000000000000000     0.0000000000000000
    -0.0000000000000000    -0.0000000000000000       -0.0000000000000000     0.0000000000000000        0.0000000000000000     0.0000000000000000
    5    2
    -0.1402607321664542     0.0000000000000000       -0.0000000000000000     0.0000000000000000       -0.0000000000000000     0.0000000000000000
    -0.0000000000000000     0.0000000000000000       -0.0220715854259521     0.0000000000000000        0.0000000000000001    -0.0000000000000000
    -0.0000000000000000     0.0000000000000000        0.0000000000000001    -0.0000000000000000        0.0542276388056045    -0.0000000000000000
    5    3
    -0.0000000000000000    -0.0000000000000000       -0.0000000000000000    -0.0000000000000000        0.0000000000000000     0.0000000000000000
    -0.0000000000000000    -0.0000000000000000       -0.0000000000000000    -0.0000000000000000        0.0000000000000000    -0.0000000000000000
     0.0000000000000000     0.0000000000000000       -0.0000000000000000    -0.0000000000000000       -0.0000000000000000    -0.0000000000000000
    5    4
     0.0422472612939069    -0.0000000000000000        0.0000000000000000    -0.0000000000000000        0.0000000000000000    -0.0000000000000000
     0.0000000000000000    -0.0000000000000000       -0.0901743777547517     0.0000000000000000       -0.0000000000000005     0.0000000000000000
     0.0000000000000000    -0.0000000000000000       -0.0000000000000005     0.0000000000000000       -0.0901743777547519     0.0000000000000000
    5    5
     0.1642154761541939     0.0000000000000000        0.0000000000000000     0.0000000000000000        0.0000000000000000     0.0000000000000000
     0.0000000000000000     0.0000000000000000        0.1257070603651809     0.0000000000000000        0.0000000000000009     0.0000000000000000
     0.0000000000000000     0.0000000000000000        0.0000000000000009     0.0000000000000000        0.1505080839874395     0.0000000000000000

     Dynamical Matrix in cartesian axes

     q = (     0.000000000000    -0.124495269738    -0.000000000000 )

    1    1
     0.1222078079328813     0.0000000000000000        0.0000000000000000     0.0000000000000000        0.0000000000000000     0.0000000000000000
     0.0000000000000000     0.0000000000000000        0.2672327538739949     0.0000000000000000        0.0000000000000011     0.0000000000000000
     0.0000000000000000     0.0000000000000000        0.0000000000000011     0.0000000000000000        0.1222078079328818     0.0000000000000000
    1    2
    -0.0000000000000000     0.0000000000000000       -0.0000000000000000     0.0000000000000000       -0.0000000000000000     0.0000000000000000
    -0.0000000000000000     0.0000000000000000        0.0000000000000000    -0.0000000000000000        0.0000000000000000    -0.0000000000000000
     0.0000000000000000     0.0000000000000000        0.0000000000000000    -0.0000000000000000       -0.0000000000000000     0.0000000000000000
    1    3
     0.0000000000000000    -0.0000000000000000        0.0000000000000000    -0.0000000000000000        0.0000000000000000    -0.0000000000000000
     0.0000000000000000    -0.0000000000000000       -0.0000000000000000     0.0000000000000000       -0.0000000000000000     0.0000000000000000
     0.0000000000000000    -0.0000000000000000       -0.0000000000000000     0.0000000000000000       -0.0000000000000000     0.0000000000000000
    1    4
    -0.0179642670365729     0.0000000000000000       -0.0000000000000000     0.0000000000000000       -0.0000000000000000     0.0000000000000000
    -0.0000000000000000     0.0000000000000000       -0.1263868587965309     0.0000000000000000       -0.0000000000000004     0.0000000000000000
    -0.0000000000000000     0.0000000000000000       -0.0000000000000004     0.0000000000000000       -0.0179642670365730     0.0000000000000000
    1    5
    -0.0000000000000000     0.0000000000000000       -0.0000000000000000     0.0000000000000000       -0.0000000000000000     0.0000000000000000
     0.0000000000000000     0.0000000000000000       -0.0000000000000000     0.0000000000000000        0.0000000000000000    -0.0000000000000000
     0.0000000000000000     0.0000000000000000        0.0000000000000000    -0.0000000000000000        0.0000000000000000    -0.0000000000000000
    2    1
    -0.0000000000000000    -0.0000000000000000       -0.0000000000000000    -0.0000000000000000        0.0000000000000000    -0.0000000000000000
    -0.0000000000000000    -0.0000000000000000        0.0000000000000000     0.0000000000000000        0.0000000000000000     0.0000000000000000
    -0.0000000000000000    -0.0000000000000000        0.0000000000000000     0.0000000000000000       -0.0000000000000000    -0.0000000000000000
    2    2
     0.0556816414793384     0.0000000000000000        0.0000000000000000     0.0000000000000000        0.0000000000000000     0.0000000000000000
     0.0000000000000000     0.0000000000000000        0.6075517176831176     0.0000000000000000        0.0000000000000017     0.0000000000000000
     0.0000000000000000     0.0000000000000000        0.0000000000000017     0.0000000000000000        0.0556816414793387     0.0000000000000000
    2    3
     0.0542276388056042    -0.0000000000000000        0.0000000000000000    -0.0000000000000000        0.0000000000000000    -0.0000000000000000
     0.0000000000000000    -0.0000000000000000       -0.1402607321664545     0.0000000000000000       -0.0000000000000004     0.0000000000000000
     0.0000000000000000    -0.0000000000000000       -0.0000000000000004     0.0000000000000000       -0.0220715854259522     0.0000000000000000
    2    4
     0.0000000000000000     0.0000000000000000        0.0000000000000000     0.0000000000000000       -0.0000000000000000     0.0000000000000000
     0.0000000000000000     0.0000000000000000        0.0000000000000000     0.0000000000000000        0.0000000000000000     0.0000000000000000
    -0.0000000000000000     0.0000000000000000        0.0000000000000000     0.0000000000000000        0.0000000000000000     0.0000000000000000
    2    5
    -0.0220715854259521     0.0000000000000000       -0.0000000000000000     0.0000000000000000       -0.0000000000000000     0.0000000000000000
    -0.0000000000000000     0.0000000000000000       -0.1402607321664545     0.0000000000000001       -0.0000000000000001     0.0000000000000000
    -0.0000000000000000     0.0000000000000000       -0.0000000000000001     0.0000000000000000        0.0542276388056045    -0.0000000000000000
    3    1
     0.0000000000000000     0.0000000000000000        0.0000000000000000     0.0000000000000000        0.0000000000000000     0.0000000000000000
     0.0000000000000000     0.0000000000000000       -0.0000000000000000    -0.0000000000000000       -0.0000000000000000    -0.0000000000000000
     0.0000000000000000     0.0000000000000000       -0.0000000000000000    -0.0000000000000000       -0.0000000000000000    -0.0000000000000000
    3    2
     0.0542276388056042     0.0000000000000000        0.0000000000000000     0.0000000000000000        0.0000000000000000     0.0000000000000000
     0.0000000000000000     0.0000000000000000       -0.1402607321664545    -0.0000000000000000       -0.0000000000000004    -0.0000000000000000
     0.0000000000000000     0.0000000000000000       -0.0000000000000004    -0.0000000000000000       -0.0220715854259522    -0.0000000000000000
    3    3
     0.1505080839874388     0.0000000000000000        0.0000000000000000     0.0000000000000000        0.0000000000000000     0.0000000000000000
     0.0000000000000000     0.0000000000000000        0.1642154761541942     0.0000000000000000        0.0000000000000009     0.0000000000000000
     0.0000000000000000     0.0000000000000000        0.0000000000000009     0.0000000000000000        0.1257070603651813     0.0000000000000000
    3    4
    -0.0000000000000000    -0.0000000000000000       -0.0000000000000000    -0.0000000000000000       -0.0000000000000000    -0.0000000000000000
    -0.0000000000000000    -0.0000000000000000       -0.0000000000000000    -0.0000000000000000       -0.0000000000000000    -0.0000000000000000
     0.0000000000000000    -0.0000000000000000       -0.0000000000000000    -0.0000000000000000       -0.0000000000000000    -0.0000000000000000
    3    5
    -0.0901743777547515     0.0000000000000000       -0.0000000000000000     0.0000000000000000       -0.0000000000000000     0.0000000000000000
    -0.0000000000000000     0.0000000000000000        0.0422472612939070    -0.0000000000000000       -0.0000000000000002     0.0000000000000000
    -0.0000000000000000     0.0000000000000000       -0.0000000000000002     0.0000000000000000       -0.0901743777547519     0.0000000000000000
    4    1
    -0.0179642670365729    -0.0000000000000000       -0.0000000000000000    -0.0000000000000000       -0.0000000000000000    -0.0000000000000000
    -0.0000000000000000    -0.0000000000000000       -0.1263868587965309    -0.0000000000000000       -0.0000000000000004    -0.0000000000000000
    -0.0000000000000000    -0.0000000000000000       -0.0000000000000004    -0.0000000000000000       -0.0179642670365730    -0.0000000000000000
    4    2
     0.0000000000000000    -0.0000000000000000        0.0000000000000000    -0.0000000000000000       -0.0000000000000000    -0.0000000000000000
     0.0000000000000000    -0.0000000000000000        0.0000000000000000    -0.0000000000000000        0.0000000000000000    -0.0000000000000000
    -0.0000000000000000    -0.0000000000000000        0.0000000000000000    -0.0000000000000000        0.0000000000000000    -0.0000000000000000
    4    3
    -0.0000000000000000     0.0000000000000000       -0.0000000000000000     0.0000000000000000       -0.0000000000000000     0.0000000000000000
    -0.0000000000000000     0.0000000000000000       -0.0000000000000000     0.0000000000000000       -0.0000000000000000     0.0000000000000000
     0.0000000000000000     0.0000000000000000       -0.0000000000000000     0.0000000000000000       -0.0000000000000000     0.0000000000000000
    4    4
     0.1316769531761056     0.0000000000000000        0.0000000000000000     0.0000000000000000        0.0000000000000000     0.0000000000000000
     0.0000000000000000     0.0000000000000000        0.4987786799397538     0.0000000000000000        0.0000000000000017     0.0000000000000000
     0.0000000000000000     0.0000000000000000        0.0000000000000017     0.0000000000000000        0.1316769531761062     0.0000000000000000
    4    5
    -0.0000000000000000     0.0000000000000000       -0.0000000000000000     0.0000000000000000        0.0000000000000000     0.0000000000000000
    -0.0000000000000000     0.0000000000000000       -0.0000000000000000     0.0000000000000000       -0.0000000000000000     0.0000000000000000
    -0.0000000000000000     0.0000000000000000       -0.0000000000000000     0.0000000000000000       -0.0000000000000000     0.0000000000000000
    5    1
    -0.0000000000000000    -0.0000000000000000       -0.0000000000000000    -0.0000000000000000       -0.0000000000000000    -0.0000000000000000
    -0.0000000000000000    -0.0000000000000000       -0.0000000000000000    -0.0000000000000000        0.0000000000000000     0.0000000000000000
     0.0000000000000000    -0.0000000000000000        0.0000000000000000     0.0000000000000000        0.0000000000000000     0.0000000000000000
    5    2
    -0.0220715854259521    -0.0000000000000000       -0.0000000000000000    -0.0000000000000000       -0.0000000000000000    -0.0000000000000000
    -0.0000000000000000    -0.0000000000000000       -0.1402607321664545    -0.0000000000000001       -0.0000000000000001    -0.0000000000000000
    -0.0000000000000000    -0.0000000000000000       -0.0000000000000001    -0.0000000000000000        0.0542276388056045     0.0000000000000000
    5    3
    -0.0901743777547515    -0.0000000000000000       -0.0000000000000000    -0.0000000000000000       -0.0000000000000000    -0.0000000000000000
    -0.0000000000000000    -0.0000000000000000        0.0422472612939070     0.0000000000000000       -0.0000000000000002    -0.0000000000000000
    -0.0000000000000000    -0.0000000000000000       -0.0000000000000002    -0.0000000000000000       -0.0901743777547519    -0.0000000000000000
    5    4
    -0.0000000000000000    -0.0000000000000000       -0.0000000000000000    -0.0000000000000000       -0.0000000000000000    -0.0000000000000000
    -0.0000000000000000    -0.0000000000000000       -0.0000000000000000    -0.0000000000000000       -0.0000000000000000    -0.0000000000000000
     0.0000000000000000    -0.0000000000000000       -0.0000000000000000    -0.0000000000000000       -0.0000000000000000    -0.0000000000000000
    5    5
     0.1257070603651807     0.0000000000000000        0.0000000000000000     0.0000000000000000        0.0000000000000000     0.0000000000000000
     0.0000000000000000     0.0000000000000000        0.1642154761541942     0.0000000000000000        0.0000000000000010     0.0000000000000000
     0.0000000000000000     0.0000000000000000        0.0000000000000010     0.0000000000000000        0.1505080839874395     0.0000000000000000

     Dynamical Matrix in cartesian axes

     q = (     0.000000000000    -0.000000000000    -0.124495269738 )

    1    1
     0.1222078079328813     0.0000000000000000        0.0000000000000000     0.0000000000000000        0.0000000000000000     0.0000000000000000
     0.0000000000000000     0.0000000000000000        0.1222078079328816     0.0000000000000000        0.0000000000000013     0.0000000000000000
     0.0000000000000000     0.0000000000000000        0.0000000000000013     0.0000000000000000        0.2672327538739956     0.0000000000000000
    1    2
    -0.0000000000000000     0.0000000000000000        0.0000000000000000    -0.0000000000000000        0.0000000000000000     0.0000000000000000
    -0.0000000000000000    -0.0000000000000000       -0.0000000000000000     0.0000000000000000        0.0000000000000000    -0.0000000000000000
    -0.0000000000000000     0.0000000000000000        0.0000000000000000    -0.0000000000000000        0.0000000000000000    -0.0000000000000000
    1    3
     0.0000000000000000    -0.0000000000000000       -0.0000000000000000    -0.0000000000000000        0.0000000000000000    -0.0000000000000000
     0.0000000000000000    -0.0000000000000000       -0.0000000000000000     0.0000000000000000       -0.0000000000000000     0.0000000000000000
     0.0000000000000000    -0.0000000000000000       -0.0000000000000000     0.0000000000000000       -0.0000000000000000     0.0000000000000000
    1    4
    -0.0000000000000000     0.0000000000000000        0.0000000000000000     0.0000000000000000       -0.0000000000000000     0.0000000000000000
    -0.0000000000000000     0.0000000000000000        0.0000000000000000    -0.0000000000000000        0.0000000000000000    -0.0000000000000000
    -0.0000000000000000     0.0000000000000000        0.0000000000000000    -0.0000000000000000       -0.0000000000000000     0.0000000000000000
    1    5
    -0.0179642670365729     0.0000000000000000       -0.0000000000000000     0.0000000000000000        0.0000000000000000    -0.0000000000000000
    -0.0000000000000000     0.0000000000000000       -0.0179642670365729     0.0000000000000000       -0.0000000000000005     0.0000000000000000
     0.0000000000000000    -0.0000000000000000       -0.0000000000000005     0.0000000000000000       -0.1263868587965312     0.0000000000000000
    2    1
    -0.0000000000000000    -0.0000000000000000       -0.0000000000000000     0.0000000000000000       -0.0000000000000000    -0.0000000000000000
     0.0000000000000000     0.0000000000000000       -0.0000000000000000    -0.0000000000000000        0.0000000000000000     0.0000000000000000
     0.0000000000000000    -0.0000000000000000        0.0000000000000000     0.0000000000000000        0.0000000000000000     0.0000000000000000
    2    2
     0.0556816414793384     0.0000000000000000        0.0000000000000000     0.0000000000000000       -0.0000000000000000     0.0000000000000000
     0.0000000000000000     0.0000000000000000        0.0556816414793386     0.0000000000000000        0.0000000000000024     0.0000000000000000
    -0.0000000000000000     0.0000000000000000        0.0000000000000024     0.0000000000000000        0.6075517176831189     0.0000000000000000
    2    3
     0.0542276388056042     0.0000000000000000        0.0000000000000000     0.0000000000000000        0.0000000000000000     0.0000000000000000
     0.0000000000000000     0.0000000000000000       -0.0220715854259521    -0.0000000000000000       -0.0000000000000006    -0.0000000000000000
     0.0000000000000000     0.0000000000000000       -0.0000000000000006    -0.0000000000000000       -0.1402607321664548    -0.0000000000000000
    2    4
    -0.0220715854259521     0.0000000000000000       -0.0000000000000000     0.0000000000000000        0.0000000000000000    -0.0000000000000000
    -0.0000000000000000     0.0000000000000000        0.0542276388056043    -0.0000000000000001       -0.0000000000000004     0.0000000000000000
     0.0000000000000000    -0.0000000000000000       -0.0000000000000004     0.0000000000000000       -0.1402607321664548     0.0000000000000001
    2    5
     0.0000000000000000     0.0000000000000000       -0.0000000000000000     0.0000000000000000        0.0000000000000000     0.0000000000000000
     0.0000000000000000     0.0000000000000000        0.0000000000000000     0.0000000000000000        0.0000000000000000     0.0000000000000000
     0.0000000000000000     0.0000000000000000        0.0000000000000000     0.0000000000000000        0.0000000000000000     0.0000000000000000
    3    1
     0.0000000000000000     0.0000000000000000       -0.0000000000000000     0.0000000000000000        0.0000000000000000     0.0000000000000000
     0.0000000000000000     0.0000000000000000       -0.0000000000000000    -0.0000000000000000       -0.0000000000000000    -0.0000000000000000
     0.0000000000000000     0.0000000000000000       -0.0000000000000000    -0.0000000000000000       -0.0000000000000000    -0.0000000000000000
    3    2
     0.0542276388056042    -0.0000000000000000        0.0000000000000000    -0.0000000000000000        0.0000000000000000    -0.0000000000000000
     0.0000000000000000    -0.0000000000000000       -0.0220715854259521     0.0000000000000000       -0.0000000000000006     0.0000000000000000
     0.0000000000000000    -0.0000000000000000       -0.0000000000000006     0.0000000000000000       -0.1402607321664548     0.0000000000000000
    3    3
     0.1505080839874388     0.0000000000000000        0.0000000000000000     0.0000000000000000        0.0000000000000000     0.0000000000000000
     0.0000000000000000     0.0000000000000000        0.1257070603651809     0.0000000000000000        0.0000000000000009     0.0000000000000000
     0.0000000000000000     0.0000000000000000        0.0000000000000009     0.0000000000000000        0.1642154761541947     0.0000000000000000
    3    4
    -0.0901743777547515     0.0000000000000001       -0.0000000000000000     0.0000000000000000       -0.0000000000000000     0.0000000000000000
    -0.0000000000000000     0.0000000000000000       -0.0901743777547517     0.0000000000000001       -0.0000000000000001     0.0000000000000000
    -0.0000000000000000     0.0000000000000000       -0.0000000000000001     0.0000000000000000        0.0422472612939071    -0.0000000000000000
    3    5
    -0.0000000000000000    -0.0000000000000000       -0.0000000000000000    -0.0000000000000000       -0.0000000000000000    -0.0000000000000000
     0.0000000000000000     0.0000000000000000       -0.0000000000000000    -0.0000000000000000       -0.0000000000000000    -0.0000000000000000
    -0.0000000000000000    -0.0000000000000000       -0.0000000000000000    -0.0000000000000000       -0.0000000000000000    -0.0000000000000000
    4    1
    -0.0000000000000000    -0.0000000000000000       -0.0000000000000000    -0.0000000000000000       -0.0000000000000000    -0.0000000000000000
     0.0000000000000000    -0.0000000000000000        0.0000000000000000     0.0000000000000000        0.0000000000000000     0.0000000000000000
    -0.0000000000000000    -0.0000000000000000        0.0000000000000000     0.0000000000000000       -0.0000000000000000    -0.0000000000000000
    4    2
    -0.0220715854259521    -0.0000000000000000       -0.0000000000000000    -0.0000000000000000        0.0000000000000000     0.0000000000000000
    -0.0000000000000000    -0.0000000000000000        0.0542276388056043     0.0000000000000001       -0.0000000000000004    -0.0000000000000000
     0.0000000000000000     0.0000000000000000       -0.0000000000000004    -0.0000000000000000       -0.1402607321664548    -0.0000000000000001
    4    3
    -0.0901743777547515    -0.0000000000000001       -0.0000000000000000    -0.0000000000000000       -0.0000000000000000    -0.0000000000000000
    -0.0000000000000000    -0.0000000000000000       -0.0901743777547517    -0.0000000000000001       -0.0000000000000001    -0.0000000000000000
    -0.0000000000000000    -0.0000000000000000       -0.0000000000000001    -0.0000000000000000        0.0422472612939071     0.0000000000000000
    4    4
     0.1257070603651807     0.0000000000000000        0.0000000000000000     0.0000000000000000        0.0000000000000000     0.0000000000000000
     0.0000000000000000     0.0000000000000000        0.1505080839874391     0.0000000000000000        0.0000000000000010     0.0000000000000000
     0.0000000000000000     0.0000000000000000        0.0000000000000010     0.0000000000000000        0.1642154761541947     0.0000000000000000
    4    5
    -0.0000000000000000    -0.0000000000000000       -0.0000000000000000    -0.0000000000000000       -0.0000000000000000    -0.0000000000000000
    -0.0000000000000000    -0.0000000000000000       -0.0000000000000000    -0.0000000000000000       -0.0000000000000000    -0.0000000000000000
    -0.0000000000000000    -0.0000000000000000       -0.0000000000000000    -0.0000000000000000       -0.0000000000000000    -0.0000000000000000
    5    1
    -0.0179642670365729    -0.0000000000000000       -0.0000000000000000    -0.0000000000000000        0.0000000000000000     0.0000000000000000
    -0.0000000000000000    -0.0000000000000000       -0.0179642670365729    -0.0000000000000000       -0.0000000000000005    -0.0000000000000000
     0.0000000000000000     0.0000000000000000       -0.0000000000000005    -0.0000000000000000       -0.1263868587965312    -0.0000000000000000
    5    2
     0.0000000000000000    -0.0000000000000000        0.0000000000000000    -0.0000000000000000        0.0000000000000000    -0.0000000000000000
    -0.0000000000000000    -0.0000000000000000        0.0000000000000000    -0.0000000000000000        0.0000000000000000    -0.0000000000000000
     0.0000000000000000    -0.0000000000000000        0.0000000000000000    -0.0000000000000000        0.0000000000000000    -0.0000000000000000
    5    3
    -0.0000000000000000     0.0000000000000000        0.0000000000000000    -0.0000000000000000       -0.0000000000000000     0.0000000000000000
    -0.0000000000000000     0.0000000000000000       -0.0000000000000000     0.0000000000000000       -0.0000000000000000     0.0000000000000000
    -0.0000000000000000     0.0000000000000000       -0.0000000000000000     0.0000000000000000       -0.0000000000000000     0.0000000000000000
    5    4
    -0.0000000000000000     0.0000000000000000       -0.0000000000000000     0.0000000000000000       -0.0000000000000000     0.0000000000000000
     0.0000000000000000     0.0000000000000000       -0.0000000000000000     0.0000000000000000       -0.0000000000000000     0.0000000000000000
    -0.0000000000000000     0.0000000000000000       -0.0000000000000000     0.0000000000000000       -0.0000000000000000     0.0000000000000000
    5    5
     0.1316769531761056     0.0000000000000000        0.0000000000000000     0.0000000000000000        0.0000000000000000     0.0000000000000000
     0.0000000000000000     0.0000000000000000        0.1316769531761058     0.0000000000000000        0.0000000000000021     0.0000000000000000
     0.0000000000000000     0.0000000000000000        0.0000000000000021     0.0000000000000000        0.4987786799397550     0.0000000000000000

     Diagonalizing the dynamical matrix

     q = (    -0.124495269738    -0.000000000000    -0.000000000000 )

***************************************************************************
   freq (    1) =     2.80642866 [THz] =    93.61237041 [cm-1]
(  -0.000000  0.000000   0.000000  0.000000   0.000000  0.000000 )
(  -0.000000  0.000000   0.691566  0.000000  -0.520046 -0.000000 )
(   0.000000  0.000000  -0.000000  0.000000   0.000000  0.000000 )
(  -0.000000 -0.000000  -0.368868 -0.000000   0.117594  0.000000 )
(  -0.000000  0.000000  -0.156379  0.000000   0.277383 -0.000000 )
   freq (    2) =     2.80642866 [THz] =    93.61237041 [cm-1]
(  -0.000000  0.000000   0.000000  0.000000   0.000000  0.000000 )
(   0.000000 -0.000000  -0.520046  0.000000  -0.691566  0.000000 )
(   0.000000  0.000000   0.000000 -0.000000   0.000000  0.000000 )
(  -0.000000  0.000000   0.277383 -0.000000   0.156379 -0.000000 )
(  -0.000000 -0.000000   0.117594 -0.000000   0.368868 -0.000000 )
   freq (    3) =     3.21408108 [THz] =   107.21018940 [cm-1]
(   0.000000  0.000000   0.676680  0.000000  -0.720667 -0.000000 )
(  -0.000000  0.000000   0.000000  0.000000  -0.000000 -0.000000 )
(   0.000000  0.000000   0.103229  0.000000  -0.109939 -0.000000 )
(   0.000000  0.000000  -0.000000 -0.000000   0.000000 -0.000000 )
(   0.000000  0.000000  -0.000000 -0.000000   0.000000 -0.000000 )
   freq (    4) =     3.21408108 [THz] =   107.21018940 [cm-1]
(  -0.000000  0.000000  -0.720667 -0.000000  -0.676680 -0.000000 )
(   0.000000  0.000000   0.000000  0.000000  -0.000000 -0.000000 )
(  -0.000000  0.000000  -0.109939 -0.000000  -0.103229 -0.000000 )
(  -0.000000  0.000000  -0.000000 -0.000000   0.000000 -0.000000 )
(  -0.000000  0.000000  -0.000000 -0.000000   0.000000 -0.000000 )
   freq (    5) =     4.49206848 [THz] =   149.83925450 [cm-1]
(   0.965913  0.000000  -0.000000 -0.000000   0.000000 -0.000000 )
(   0.000000 -0.000000   0.000000  0.000000  -0.000000 -0.000000 )
(   0.258866  0.000000  -0.000000 -0.000000   0.000000  0.000000 )
(  -0.000000  0.000000  -0.000000 -0.000000   0.000000 -0.000000 )
(  -0.000000  0.000000  -0.000000 -0.000000   0.000000 -0.000000 )
   freq (    6) =     6.11061193 [THz] =   203.82804465 [cm-1]
(   0.000000  0.000000   0.000000  0.000000   0.000000 -0.000000 )
(   0.000000 -0.000000  -0.131870  0.000000   0.102564 -0.000000 )
(   0.000000  0.000000   0.000000 -0.000000  -0.000000  0.000000 )
(   0.000000 -0.000000  -0.479973  0.000000   0.476485 -0.000000 )
(  -0.000000  0.000000  -0.612636  0.000000   0.373304 -0.000000 )
   freq (    7) =     6.11061193 [THz] =   203.82804465 [cm-1]
(   0.000000  0.000000  -0.000000 -0.000000  -0.000000 -0.000000 )
(  -0.000000 -0.000000   0.102564  0.000000   0.131870  0.000000 )
(  -0.000000 -0.000000  -0.000000 -0.000000   0.000000 -0.000000 )
(   0.000000 -0.000000   0.373304  0.000000   0.612636  0.000000 )
(  -0.000000  0.000000   0.476485  0.000000   0.479973  0.000000 )
   freq (    8) =     8.17645385 [THz] =   272.73710399 [cm-1]
(  -0.000000  0.000000  -0.000000  0.000000   0.000000  0.000000 )
(  -0.506072 -0.000000  -0.000000 -0.000000   0.000000 -0.000000 )
(   0.000000  0.000000   0.000000  0.000000  -0.000000 -0.000000 )
(  -0.609873  0.000000  -0.000000  0.000000  -0.000000 -0.000000 )
(  -0.609873  0.000000  -0.000000 -0.000000  -0.000000  0.000000 )
   freq (    9) =     9.51452537 [THz] =   317.37035934 [cm-1]
(   0.000000  0.000000  -0.000000  0.000000  -0.000000  0.000000 )
(   0.000000 -0.000000  -0.000000  0.000000  -0.000000  0.000000 )
(  -0.000000  0.000000  -0.000000 -0.000000   0.000000  0.000000 )
(  -0.707107  0.000000   0.000000  0.000000   0.000000 -0.000000 )
(   0.707107 -0.000000  -0.000000  0.000000   0.000000  0.000000 )
   freq (   10) =     9.89793399 [THz] =   330.15949247 [cm-1]
(  -0.000000  0.000000  -0.013445  0.000000   0.011619 -0.000000 )
(   0.000000  0.000000  -0.000000  0.000000   0.000000 -0.000000 )
(   0.000000  0.000000   0.756494  0.000000  -0.653760 -0.000000 )
(   0.000000  0.000000   0.000000 -0.000000   0.000000  0.000000 )
(   0.000000 -0.000000  -0.000000  0.000000   0.000000  0.000000 )
   freq (   11) =     9.89793399 [THz] =   330.15949247 [cm-1]
(   0.000000  0.000000  -0.011619 -0.000000  -0.013445 -0.000000 )
(   0.000000 -0.000000   0.000000  0.000000   0.000000 -0.000000 )
(  -0.000000 -0.000000   0.653760  0.000000   0.756494  0.000000 )
(  -0.000000  0.000000   0.000000 -0.000000   0.000000  0.000000 )
(  -0.000000 -0.000000  -0.000000  0.000000   0.000000  0.000000 )
   freq (   12) =    13.17602582 [THz] =   439.50485029 [cm-1]
(   0.000000  0.000000  -0.000000 -0.000000  -0.000000 -0.000000 )
(  -0.000000 -0.000000   0.066751 -0.000000   0.054081 -0.000000 )
(  -0.000000  0.000000   0.000000  0.000000  -0.000000 -0.000000 )
(   0.000000 -0.000000   0.587923 -0.000000  -0.408007  0.000000 )
(  -0.000000  0.000000  -0.503599  0.000000   0.476324 -0.000000 )
   freq (   13) =    13.17602582 [THz] =   439.50485029 [cm-1]
(  -0.000000  0.000000   0.000000 -0.000000   0.000000 -0.000000 )
(   0.000000  0.000000   0.054081 -0.000000  -0.066751  0.000000 )
(  -0.000000  0.000000  -0.000000  0.000000   0.000000 -0.000000 )
(   0.000000 -0.000000   0.476324 -0.000000   0.503599 -0.000000 )
(  -0.000000  0.000000  -0.408007  0.000000  -0.587923  0.000000 )
   freq (   14) =    15.39816237 [THz] =   513.62733629 [cm-1]
(  -0.000000  0.000000   0.000000 -0.000000  -0.000000 -0.000000 )
(   0.494966  0.000000   0.000000 -0.000000   0.000000 -0.000000 )
(  -0.000000 -0.000000   0.000000  0.000000   0.000000  0.000000 )
(  -0.614414  0.000000   0.000000 -0.000000  -0.000000  0.000000 )
(  -0.614414  0.000000  -0.000000  0.000000   0.000000 -0.000000 )
   freq (   15) =    19.31652354 [THz] =   644.32977760 [cm-1]
(  -0.031208  0.000000  -0.000000 -0.000000  -0.000000 -0.000000 )
(  -0.000000 -0.000000   0.000000  0.000000   0.000000  0.000000 )
(   0.999513  0.000000   0.000000  0.000000   0.000000  0.000000 )
(   0.000000 -0.000000  -0.000000  0.000000   0.000000 -0.000000 )
(   0.000000 -0.000000   0.000000 -0.000000   0.000000  0.000000 )
***************************************************************************
