Dynamical matrix file
File generated with the CellConstructor by Lorenzo Monacelli
3 5 0     1.8897259890000000     0.0000000000000000     0.0000000000000000     0.0000000000000000     0.0000000000000000     0.0000000000000000
Basis vectors
    4.0162168494695329     0.0000000000000000     0.0000000000000001
   -0.0000000000000002     4.0162168494695285    -0.0000000000000146
   -0.0000000000000005    -0.0000000000000098     4.0162168494695232
	1  'Ba '  125165.9077335107867839
	2  'Ti '  43628.1030349454958923
	3  'O '  14582.1969301625977096
    1     1     0.0000000000000001    -0.0000000000000003    -0.0000000000000000
    2     2     2.0081084247347665     2.0081084247347594     2.0081084247347545
    3     3     0.0000000000000004     2.0081084247347594     2.0081084247347545
    4     3     2.0081084247347665    -0.0000000000000057     2.0081084247347611
    5     3     2.0081084247347669     2.0081084247347643    -0.0000000000000074

     Dynamical Matrix in cartesian axes

     q = (     0.124495269738    -0.124495269738     0.124495269738 )

    1    1
     0.1751428698761400     0.0000000000000000        0.0000000000000000     0.0000000000000000        0.0000000000000000     0.0000000000000000
     0.0000000000000000     0.0000000000000000        0.1751428698761404     0.0000000000000000        0.0000000000000011     0.0000000000000000
     0.0000000000000000     0.0000000000000000        0.0000000000000011     0.0000000000000000        0.1751428698761408     0.0000000000000000
    1    2
    -0.0000000000000000     0.0000000000000000        0.0000000000000000     0.0000000000000000       -0.0000000000000000    -0.0000000000000000
     0.0000000000000000     0.0000000000000000       -0.0000000000000000     0.0000000000000000        0.0000000000000000     0.0000000000000000
    -0.0000000000000000    -0.0000000000000000        0.0000000000000000     0.0000000000000000       -0.0000000000000000     0.0000000000000000
    1    3
    -0.0000000000000000    -0.0000000000000000        0.0000000000000000     0.0000000000000000        0.0000000000000000     0.0000000000000000
     0.0000000000000000     0.0000000000000000       -0.0000000000000000    -0.0000000000000000       -0.0051183536845810    -0.0000000000000000
     0.0000000000000000     0.0000000000000000       -0.0051183536845810    -0.0000000000000000       -0.0000000000000000    -0.0000000000000000
    1    4
     0.0000000000000000    -0.0000000000000000       -0.0000000000000000     0.0000000000000000       -0.0051183536845810     0.0000000004474607
    -0.0000000000000000     0.0000000000000000       -0.0000000000000000     0.0000000000000000       -0.0000000000000000     0.0000000000000000
    -0.0051183536845810     0.0000000004474607       -0.0000000000000000     0.0000000000000000       -0.0000000000000000     0.0000000000000000
    1    5
     0.0000000000000000    -0.0000000000000000       -0.0051183536845810     0.0000000000000000       -0.0000000000000000     0.0000000000000000
    -0.0051183536845810     0.0000000000000000       -0.0000000000000000     0.0000000000000000       -0.0000000000000000     0.0000000000000000
    -0.0000000000000000     0.0000000000000000       -0.0000000000000000     0.0000000000000000       -0.0000000000000000     0.0000000000000000
    2    1
     0.0000000000000000    -0.0000000000000000        0.0000000000000000    -0.0000000000000000       -0.0000000000000000     0.0000000000000000
     0.0000000000000000    -0.0000000000000000       -0.0000000000000000    -0.0000000000000000        0.0000000000000000    -0.0000000000000000
    -0.0000000000000000     0.0000000000000000        0.0000000000000000    -0.0000000000000000       -0.0000000000000000    -0.0000000000000000
    2    2
     0.5511516759265143     0.0000000000000000        0.0000000000000000     0.0000000000000000        0.0000000000000001     0.0000000000000000
     0.0000000000000000     0.0000000000000000        0.5511516759265155     0.0000000000000000        0.0000000000000034     0.0000000000000000
     0.0000000000000001     0.0000000000000000        0.0000000000000034     0.0000000000000000        0.5511516759265168     0.0000000000000000
    2    3
    -0.0000000000000000     0.0000000000000000        0.0000000000000000    -0.0000000000000000       -0.0000000000000000     0.0000000000000000
    -0.0000000000000000     0.0000000000000000       -0.0000000000000000     0.0000000000000000       -0.0000000000000000     0.0000000000000000
    -0.0000000000000000     0.0000000000000000        0.0000000000000000     0.0000000000000000       -0.0000000000000000     0.0000000000000000
    2    4
    -0.0000000000000000    -0.0000000000000000       -0.0000000000000000    -0.0000000000000000        0.0000000000000000    -0.0000000000000000
    -0.0000000000000000    -0.0000000000000000       -0.0000000000000000    -0.0000000000000000       -0.0000000000000000    -0.0000000000000000
    -0.0000000000000000    -0.0000000000000000       -0.0000000000000000    -0.0000000000000000       -0.0000000000000000    -0.0000000000000000
    2    5
    -0.0000000000000000     0.0000000000000000        0.0000000000000000    -0.0000000000000000       -0.0000000000000000     0.0000000000000000
    -0.0000000000000000    -0.0000000000000000       -0.0000000000000000     0.0000000000000000       -0.0000000000000000     0.0000000000000000
    -0.0000000000000000     0.0000000000000000        0.0000000000000000     0.0000000000000000       -0.0000000000000000     0.0000000000000000
    3    1
    -0.0000000000000000     0.0000000000000000        0.0000000000000000    -0.0000000000000000        0.0000000000000000    -0.0000000000000000
     0.0000000000000000    -0.0000000000000000       -0.0000000000000000     0.0000000000000000       -0.0051183536845810     0.0000000000000000
     0.0000000000000000    -0.0000000000000000       -0.0051183536845810     0.0000000000000000       -0.0000000000000000     0.0000000000000000
    3    2
    -0.0000000000000000    -0.0000000000000000       -0.0000000000000000    -0.0000000000000000       -0.0000000000000000    -0.0000000000000000
    -0.0000000000000000     0.0000000000000000       -0.0000000000000000    -0.0000000000000000       -0.0000000000000000    -0.0000000000000000
     0.0000000000000000    -0.0000000000000000        0.0000000000000000    -0.0000000000000000       -0.0000000000000000    -0.0000000000000000
    3    3
     0.3505995476935734     0.0000000000000000        0.0000000000000000     0.0000000000000000        0.0000000000000000     0.0000000000000000
     0.0000000000000000     0.0000000000000000        0.1273101231217390     0.0000000000000000        0.0000000000000008     0.0000000000000000
     0.0000000000000000     0.0000000000000000        0.0000000000000008     0.0000000000000000        0.1273101231217393     0.0000000000000000
    3    4
    -0.0000000000000000     0.0000000000000000        0.1580243304601851    -0.0000000138149262        0.0000000000000004    -0.0000000000000000
     0.0875613945079297    -0.0000000076548605        0.0000000000000000    -0.0000000000000000        0.0000000000000000    -0.0000000000000000
     0.0000000000000002    -0.0000000000000000        0.0000000000000000    -0.0000000000000000        0.0000000000000000    -0.0000000000000000
    3    5
    -0.0000000000000000    -0.0000000000000000        0.0000000000000006     0.0000000000000000        0.1580243304601858     0.0000000000000000
     0.0000000000000003     0.0000000000000000        0.0000000000000000     0.0000000000000000        0.0000000000000000     0.0000000000000000
     0.0875613945079302     0.0000000000000000        0.0000000000000000     0.0000000000000000        0.0000000000000000     0.0000000000000000
    4    1
     0.0000000000000000     0.0000000000000000       -0.0000000000000000    -0.0000000000000000       -0.0051183536845810    -0.0000000004474607
    -0.0000000000000000    -0.0000000000000000       -0.0000000000000000    -0.0000000000000000       -0.0000000000000000    -0.0000000000000000
    -0.0051183536845810    -0.0000000004474607       -0.0000000000000000    -0.0000000000000000       -0.0000000000000000    -0.0000000000000000
    4    2
    -0.0000000000000000     0.0000000000000000        0.0000000000000000     0.0000000000000000       -0.0000000000000000     0.0000000000000000
    -0.0000000000000000     0.0000000000000000       -0.0000000000000000     0.0000000000000000       -0.0000000000000000     0.0000000000000000
     0.0000000000000000     0.0000000000000000        0.0000000000000000     0.0000000000000000       -0.0000000000000000     0.0000000000000000
    4    3
    -0.0000000000000000    -0.0000000000000000        0.0875613945079297     0.0000000076548605        0.0000000000000002     0.0000000000000000
     0.1580243304601851     0.0000000138149262        0.0000000000000000     0.0000000000000000        0.0000000000000000     0.0000000000000000
     0.0000000000000004     0.0000000000000000        0.0000000000000000     0.0000000000000000        0.0000000000000000     0.0000000000000000
    4    4
     0.1273101231217387     0.0000000000000000        0.0000000000000000     0.0000000000000000        0.0000000000000000     0.0000000000000000
     0.0000000000000000     0.0000000000000000        0.3505995476935742     0.0000000000000000        0.0000000000000013     0.0000000000000000
     0.0000000000000000     0.0000000000000000        0.0000000000000013     0.0000000000000000        0.1273101231217393     0.0000000000000000
    4    5
     0.0000000000000000     0.0000000000000000       -0.0000000000000000    -0.0000000000000000       -0.0000000000000000    -0.0000000000000000
    -0.0000000000000000    -0.0000000000000000        0.0000000000000009     0.0000000000000000        0.1580243304601854     0.0000000138149262
    -0.0000000000000000    -0.0000000000000000        0.0875613945079299     0.0000000076548605        0.0000000000000006     0.0000000000000000
    5    1
     0.0000000000000000     0.0000000000000000       -0.0051183536845810    -0.0000000000000000       -0.0000000000000000    -0.0000000000000000
    -0.0051183536845810    -0.0000000000000000       -0.0000000000000000    -0.0000000000000000       -0.0000000000000000    -0.0000000000000000
    -0.0000000000000000    -0.0000000000000000       -0.0000000000000000    -0.0000000000000000       -0.0000000000000000    -0.0000000000000000
    5    2
    -0.0000000000000000    -0.0000000000000000       -0.0000000000000000     0.0000000000000000        0.0000000000000000    -0.0000000000000000
     0.0000000000000000     0.0000000000000000       -0.0000000000000000    -0.0000000000000000       -0.0000000000000000    -0.0000000000000000
    -0.0000000000000000    -0.0000000000000000       -0.0000000000000000    -0.0000000000000000       -0.0000000000000000    -0.0000000000000000
    5    3
    -0.0000000000000000     0.0000000000000000        0.0000000000000003    -0.0000000000000000        0.0875613945079302    -0.0000000000000000
     0.0000000000000006    -0.0000000000000000        0.0000000000000000    -0.0000000000000000        0.0000000000000000    -0.0000000000000000
     0.1580243304601859    -0.0000000000000000        0.0000000000000000    -0.0000000000000000        0.0000000000000000    -0.0000000000000000
    5    4
     0.0000000000000000    -0.0000000000000000       -0.0000000000000000     0.0000000000000000       -0.0000000000000000     0.0000000000000000
    -0.0000000000000000     0.0000000000000000        0.0000000000000009    -0.0000000000000000        0.0875613945079299    -0.0000000076548605
    -0.0000000000000000     0.0000000000000000        0.1580243304601854    -0.0000000138149262        0.0000000000000006    -0.0000000000000000
    5    5
     0.1273101231217387     0.0000000000000000        0.0000000000000000     0.0000000000000000        0.0000000000000000     0.0000000000000000
     0.0000000000000000     0.0000000000000000        0.1273101231217390     0.0000000000000000        0.0000000000000016     0.0000000000000000
     0.0000000000000000     0.0000000000000000        0.0000000000000016     0.0000000000000000        0.3505995476935750     0.0000000000000000

     Diagonalizing the dynamical matrix

     q = (     0.124495269738    -0.124495269738     0.124495269738 )

***************************************************************************
   freq (    1) =     3.88860857 [THz] =   129.71000137 [cm-1]
(  -0.001663  0.000000  -0.753825  0.001013   0.656018 -0.000703 )
(   0.000000  0.000000  -0.000000  0.000000   0.000000 -0.000000 )
(   0.000000  0.000000   0.017264 -0.000019  -0.019837  0.000027 )
(   0.017264 -0.000019   0.000000  0.000000  -0.000044 -0.000000 )
(  -0.019837  0.000027  -0.000044  0.000000  -0.000000 -0.000000 )
   freq (    2) =     3.88860857 [THz] =   129.71000137 [cm-1]
(   0.999234  0.000000  -0.009186  0.000003  -0.008023 -0.000002 )
(  -0.000000  0.000000  -0.000000  0.000000  -0.000000  0.000000 )
(   0.000000  0.000000  -0.000211 -0.000000  -0.000242  0.000000 )
(  -0.000211 -0.000000  -0.000000  0.000000   0.026296  0.000000 )
(  -0.000242  0.000000   0.026296  0.000000  -0.000000 -0.000000 )
   freq (    3) =     3.88860857 [THz] =   129.71000137 [cm-1]
(   0.012082  0.000000   0.655957 -0.000111   0.753785  0.000077 )
(   0.000000 -0.000000   0.000000 -0.000000   0.000000  0.000000 )
(  -0.000000  0.000000   0.019836  0.000002   0.017262 -0.000003 )
(   0.019836  0.000002   0.000000 -0.000000   0.000318  0.000000 )
(   0.017262 -0.000003   0.000318  0.000000  -0.000000 -0.000000 )
   freq (    4) =     5.43157044 [THz] =   181.17766194 [cm-1]
(  -0.000000  0.000000   0.000000  0.000000  -0.000000  0.000000 )
(   0.000000 -0.000000  -0.000000  0.000000   0.000000  0.000000 )
(   0.000000 -0.000000   0.571290 -0.041039  -0.413239  0.033578 )
(  -0.571290  0.041039  -0.000000 -0.000000   0.007018 -0.000466 )
(   0.413239 -0.033578  -0.007018  0.000466   0.000000  0.000000 )
   freq (    5) =     5.43157044 [THz] =   181.17766194 [cm-1]
(   0.000000  0.000000  -0.000000 -0.000000   0.000000  0.000000 )
(  -0.000000 -0.000000   0.000000  0.000000  -0.000000 -0.000000 )
(   0.000000  0.000000  -0.414181 -0.017319  -0.572501 -0.018579 )
(   0.414181  0.017319   0.000000  0.000000  -0.007109 -0.000866 )
(   0.572501  0.018579   0.007109  0.000866  -0.000000 -0.000000 )
   freq (    6) =     5.43157044 [THz] =   181.17766194 [cm-1]
(   0.000000  0.000000   0.000000  0.000000   0.000000 -0.000000 )
(  -0.000000  0.000000   0.000000  0.000000  -0.000000 -0.000000 )
(   0.000000  0.000000  -0.009890  0.000086  -0.001667  0.000407 )
(   0.009890 -0.000086  -0.000000 -0.000000   0.706756  0.019875 )
(   0.001667 -0.000407  -0.706756 -0.019874   0.000000  0.000000 )
   freq (    7) =    11.69304647 [THz] =   390.03799068 [cm-1]
(  -0.000000  0.000000  -0.000000 -0.000000   0.000000  0.000000 )
(   0.016117 -0.000551   0.754561  0.001600  -0.656028 -0.001598 )
(   0.000000 -0.000000  -0.000000 -0.000000   0.000000  0.000000 )
(  -0.000000  0.000000   0.000000 -0.000000  -0.000000 -0.000000 )
(  -0.000000 -0.000000   0.000000  0.000000  -0.000000  0.000000 )
   freq (    8) =    11.69304647 [THz] =   390.03799068 [cm-1]
(   0.000000  0.000000   0.000000  0.000000  -0.000000 -0.000000 )
(  -0.999764 -0.000236   0.002607  0.000610  -0.021561 -0.000203 )
(  -0.000000 -0.000000   0.000000 -0.000000  -0.000000  0.000000 )
(  -0.000000  0.000000   0.000000 -0.000000   0.000000  0.000000 )
(  -0.000000 -0.000000  -0.000000 -0.000000   0.000000  0.000000 )
   freq (    9) =    11.69304647 [THz] =   390.03799068 [cm-1]
(  -0.000000  0.000000  -0.000000 -0.000000  -0.000000  0.000000 )
(  -0.014559 -0.000252   0.656222 -0.000155   0.754427  0.000041 )
(   0.000000  0.000000   0.000000  0.000000   0.000000 -0.000000 )
(   0.000000 -0.000000  -0.000000 -0.000000   0.000000  0.000000 )
(   0.000000 -0.000000  -0.000000 -0.000000  -0.000000  0.000000 )
   freq (   10) =    11.95539675 [THz] =   398.78905291 [cm-1]
(  -0.000000  0.000000  -0.000000  0.000000   0.000000  0.000000 )
(  -0.000000 -0.000000  -0.000000  0.000000  -0.000000  0.000000 )
(   0.792042 -0.000000   0.000000  0.000000  -0.000000 -0.000000 )
(  -0.000000  0.000000  -0.567440 -0.010853   0.000000 -0.000000 )
(  -0.000000 -0.000000   0.000000  0.000000  -0.224602  0.010853 )
   freq (   11) =    11.95539675 [THz] =   398.78905291 [cm-1]
(   0.000000  0.000000  -0.000000  0.000000   0.000000  0.000000 )
(  -0.000000 -0.000000   0.000000  0.000000  -0.000000  0.000000 )
(  -0.198333 -0.000000   0.000000  0.000000  -0.000000 -0.000000 )
(   0.000000  0.000000  -0.585391 -0.043342  -0.000000 -0.000000 )
(  -0.000000 -0.000000  -0.000000  0.000000   0.783725  0.043342 )
   freq (   12) =    12.62946445 [THz] =   421.27352802 [cm-1]
(   0.000031  0.000000   0.002671 -0.000000  -0.003416  0.000000 )
(   0.000000 -0.000000   0.000000 -0.000000  -0.000000  0.000000 )
(   0.000000  0.000000   0.557028 -0.000001  -0.435529  0.000002 )
(   0.557028 -0.000000   0.000000  0.000000  -0.005024 -0.000000 )
(  -0.435529  0.000002  -0.005024 -0.000000  -0.000000 -0.000000 )
   freq (   13) =    12.62946445 [THz] =   421.27352802 [cm-1]
(  -0.004334  0.000000   0.000113 -0.000000   0.000049  0.000000 )
(   0.000000 -0.000000   0.000000  0.000000   0.000000  0.000000 )
(  -0.000000  0.000000  -0.008050 -0.000000  -0.018448  0.000000 )
(  -0.008050 -0.000000   0.000000  0.000000   0.706814  0.000000 )
(  -0.018448  0.000000   0.706814  0.000000   0.000000 -0.000000 )
   freq (   14) =    12.62946445 [THz] =   421.27352802 [cm-1]
(  -0.000120  0.000000  -0.003414  0.000000  -0.002670 -0.000000 )
(  -0.000000  0.000000  -0.000000  0.000000  -0.000000  0.000000 )
(  -0.000000 -0.000000   0.435483  0.000000   0.556745 -0.000001 )
(   0.435483  0.000000  -0.000000 -0.000000   0.019491  0.000000 )
(   0.556745 -0.000001   0.019491  0.000000   0.000000  0.000000 )
   freq (   15) =    22.24396244 [THz] =   741.97861441 [cm-1]
(  -0.000000  0.000000  -0.000000  0.000000  -0.000000 -0.000000 )
(  -0.000000  0.000000   0.000000 -0.000000   0.000000  0.000000 )
(   0.577350  0.000000   0.000000  0.000000   0.000000  0.000000 )
(  -0.000000 -0.000000   0.577350  0.000000   0.000000 -0.000000 )
(  -0.000000 -0.000000   0.000000  0.000000   0.577350  0.000000 )
***************************************************************************
