Dynamical matrix file
File generated with the CellConstructor by Lorenzo Monacelli
3 5 0     1.8897259890000000     0.0000000000000000     0.0000000000000000     0.0000000000000000     0.0000000000000000     0.0000000000000000
Basis vectors
    4.0162168494695329     0.0000000000000000     0.0000000000000001
   -0.0000000000000002     4.0162168494695285    -0.0000000000000146
   -0.0000000000000005    -0.0000000000000098     4.0162168494695232
	1  'Ba '  125165.9077335107867839
	2  'Ti '  43628.1030349454958923
	3  'O '  14582.1969301625977096
    1     1     0.0000000000000004    -0.0000000000000002     0.0000000000000001
    2     2     2.0081084247347665     2.0081084247347594     2.0081084247347545
    3     3     0.0000000000000003     2.0081084247347594     2.0081084247347545
    4     3     2.0081084247347665    -0.0000000000000053     2.0081084247347607
    5     3     2.0081084247347669     2.0081084247347643    -0.0000000000000070

     Dynamical Matrix in cartesian axes

     q = (     0.000000000000     0.000000000000     0.000000000000 )

    1    1
     0.1208398240658917     0.0000000000000000        0.0000000000000000     0.0000000000000000        0.0000000000000000     0.0000000000000000
     0.0000000000000000     0.0000000000000000        0.1208398240658920     0.0000000000000000        0.0000000000000007     0.0000000000000000
     0.0000000000000000     0.0000000000000000        0.0000000000000007     0.0000000000000000        0.1208398240658923     0.0000000000000000
    1    2
    -0.0614534391624528     0.0000000000000000       -0.0000000000000000     0.0000000000000000       -0.0000000000000000     0.0000000000000000
    -0.0000000000000000     0.0000000000000000       -0.0614534391624529     0.0000000000000000       -0.0000000000000004     0.0000000000000000
    -0.0000000000000000     0.0000000000000000       -0.0000000000000004     0.0000000000000000       -0.0614534391624531     0.0000000000000000
    1    3
    -0.0257165129823798     0.0000000000000000       -0.0000000000000000     0.0000000000000000       -0.0000000000000000     0.0000000000000000
    -0.0000000000000000     0.0000000000000000       -0.0168349359605296     0.0000000000000000       -0.0000000000000001     0.0000000000000000
    -0.0000000000000000     0.0000000000000000       -0.0000000000000001     0.0000000000000000       -0.0168349359605296     0.0000000000000000
    1    4
    -0.0168349359605295     0.0000000000000000       -0.0000000000000000     0.0000000000000000       -0.0000000000000000     0.0000000000000000
    -0.0000000000000000     0.0000000000000000       -0.0257165129823799     0.0000000000000000       -0.0000000000000001     0.0000000000000000
    -0.0000000000000000     0.0000000000000000       -0.0000000000000001     0.0000000000000000       -0.0168349359605296     0.0000000000000000
    1    5
    -0.0168349359605295     0.0000000000000000       -0.0000000000000000     0.0000000000000000       -0.0000000000000000     0.0000000000000000
    -0.0000000000000000     0.0000000000000000       -0.0168349359605296     0.0000000000000000       -0.0000000000000001     0.0000000000000000
    -0.0000000000000000     0.0000000000000000       -0.0000000000000001     0.0000000000000000       -0.0257165129823800     0.0000000000000000
    2    1
    -0.0614534391624528     0.0000000000000000       -0.0000000000000000     0.0000000000000000       -0.0000000000000000     0.0000000000000000
    -0.0000000000000000     0.0000000000000000       -0.0614534391624529     0.0000000000000000       -0.0000000000000004     0.0000000000000000
    -0.0000000000000000     0.0000000000000000       -0.0000000000000004     0.0000000000000000       -0.0614534391624531     0.0000000000000000
    2    2
     0.1525797680141206     0.0000000000000000        0.0000000000000000     0.0000000000000000        0.0000000000000000     0.0000000000000000
     0.0000000000000000     0.0000000000000000        0.1525797680141210     0.0000000000000000        0.0000000000000009     0.0000000000000000
     0.0000000000000000     0.0000000000000000        0.0000000000000009     0.0000000000000000        0.1525797680141213     0.0000000000000000
    2    3
     0.0232591788025467     0.0000000000000000        0.0000000000000000     0.0000000000000000        0.0000000000000000     0.0000000000000000
     0.0000000000000000     0.0000000000000000       -0.0571927538271073     0.0000000000000000       -0.0000000000000003     0.0000000000000000
     0.0000000000000000     0.0000000000000000       -0.0000000000000003     0.0000000000000000       -0.0571927538271074     0.0000000000000000
    2    4
    -0.0571927538271072     0.0000000000000000       -0.0000000000000000     0.0000000000000000       -0.0000000000000000     0.0000000000000000
    -0.0000000000000000     0.0000000000000000        0.0232591788025468     0.0000000000000000       -0.0000000000000002     0.0000000000000000
    -0.0000000000000000     0.0000000000000000       -0.0000000000000002     0.0000000000000000       -0.0571927538271074     0.0000000000000000
    2    5
    -0.0571927538271072     0.0000000000000000       -0.0000000000000000     0.0000000000000000       -0.0000000000000000     0.0000000000000000
    -0.0000000000000000     0.0000000000000000       -0.0571927538271073     0.0000000000000000       -0.0000000000000001     0.0000000000000000
    -0.0000000000000000     0.0000000000000000       -0.0000000000000001     0.0000000000000000        0.0232591788025469     0.0000000000000000
    3    1
    -0.0257165129823798     0.0000000000000000       -0.0000000000000000     0.0000000000000000       -0.0000000000000000     0.0000000000000000
    -0.0000000000000000     0.0000000000000000       -0.0168349359605296     0.0000000000000000       -0.0000000000000001     0.0000000000000000
    -0.0000000000000000     0.0000000000000000       -0.0000000000000001     0.0000000000000000       -0.0168349359605296     0.0000000000000000
    3    2
     0.0232591788025467     0.0000000000000000        0.0000000000000000     0.0000000000000000        0.0000000000000000     0.0000000000000000
     0.0000000000000000     0.0000000000000000       -0.0571927538271073     0.0000000000000000       -0.0000000000000003     0.0000000000000000
     0.0000000000000000     0.0000000000000000       -0.0000000000000003     0.0000000000000000       -0.0571927538271074     0.0000000000000000
    3    3
     0.1377068517696857     0.0000000000000000        0.0000000000000000     0.0000000000000000        0.0000000000000000     0.0000000000000000
     0.0000000000000000     0.0000000000000000        0.1192899113155323     0.0000000000000000        0.0000000000000007     0.0000000000000000
     0.0000000000000000     0.0000000000000000        0.0000000000000007     0.0000000000000000        0.1192899113155327     0.0000000000000000
    3    4
    -0.0676247587949262     0.0000000000000000       -0.0000000000000000     0.0000000000000000       -0.0000000000000000     0.0000000000000000
    -0.0000000000000000     0.0000000000000000       -0.0676247587949263     0.0000000000000000       -0.0000000000000001     0.0000000000000000
    -0.0000000000000000     0.0000000000000000       -0.0000000000000001     0.0000000000000000        0.0223625372670311     0.0000000000000000
    3    5
    -0.0676247587949262     0.0000000000000000       -0.0000000000000000     0.0000000000000000       -0.0000000000000000     0.0000000000000000
    -0.0000000000000000     0.0000000000000000        0.0223625372670310     0.0000000000000000       -0.0000000000000002     0.0000000000000000
    -0.0000000000000000     0.0000000000000000       -0.0000000000000002     0.0000000000000000       -0.0676247587949265     0.0000000000000000
    4    1
    -0.0168349359605295     0.0000000000000000       -0.0000000000000000     0.0000000000000000       -0.0000000000000000     0.0000000000000000
    -0.0000000000000000     0.0000000000000000       -0.0257165129823799     0.0000000000000000       -0.0000000000000001     0.0000000000000000
    -0.0000000000000000     0.0000000000000000       -0.0000000000000001     0.0000000000000000       -0.0168349359605296     0.0000000000000000
    4    2
    -0.0571927538271072     0.0000000000000000       -0.0000000000000000     0.0000000000000000       -0.0000000000000000     0.0000000000000000
    -0.0000000000000000     0.0000000000000000        0.0232591788025468     0.0000000000000000       -0.0000000000000002     0.0000000000000000
    -0.0000000000000000     0.0000000000000000       -0.0000000000000002     0.0000000000000000       -0.0571927538271074     0.0000000000000000
    4    3
    -0.0676247587949262     0.0000000000000000       -0.0000000000000000     0.0000000000000000       -0.0000000000000000     0.0000000000000000
    -0.0000000000000000     0.0000000000000000       -0.0676247587949263     0.0000000000000000       -0.0000000000000001     0.0000000000000000
    -0.0000000000000000     0.0000000000000000       -0.0000000000000001     0.0000000000000000        0.0223625372670311     0.0000000000000000
    4    4
     0.1192899113155321     0.0000000000000000        0.0000000000000000     0.0000000000000000        0.0000000000000000     0.0000000000000000
     0.0000000000000000     0.0000000000000000        0.1377068517696860     0.0000000000000000        0.0000000000000008     0.0000000000000000
     0.0000000000000000     0.0000000000000000        0.0000000000000008     0.0000000000000000        0.1192899113155326     0.0000000000000000
    4    5
     0.0223625372670309     0.0000000000000000        0.0000000000000000     0.0000000000000000        0.0000000000000000     0.0000000000000000
     0.0000000000000000     0.0000000000000000       -0.0676247587949263     0.0000000000000000       -0.0000000000000004     0.0000000000000000
     0.0000000000000000     0.0000000000000000       -0.0000000000000004     0.0000000000000000       -0.0676247587949265     0.0000000000000000
    5    1
    -0.0168349359605295     0.0000000000000000       -0.0000000000000000     0.0000000000000000       -0.0000000000000000     0.0000000000000000
    -0.0000000000000000     0.0000000000000000       -0.0168349359605296     0.0000000000000000       -0.0000000000000001     0.0000000000000000
    -0.0000000000000000     0.0000000000000000       -0.0000000000000001     0.0000000000000000       -0.0257165129823800     0.0000000000000000
    5    2
    -0.0571927538271072     0.0000000000000000       -0.0000000000000000     0.0000000000000000       -0.0000000000000000     0.0000000000000000
    -0.0000000000000000     0.0000000000000000       -0.0571927538271073     0.0000000000000000       -0.0000000000000001     0.0000000000000000
    -0.0000000000000000     0.0000000000000000       -0.0000000000000001     0.0000000000000000        0.0232591788025469     0.0000000000000000
    5    3
    -0.0676247587949262     0.0000000000000000       -0.0000000000000000     0.0000000000000000       -0.0000000000000000     0.0000000000000000
    -0.0000000000000000     0.0000000000000000        0.0223625372670310     0.0000000000000000       -0.0000000000000002     0.0000000000000000
    -0.0000000000000000     0.0000000000000000       -0.0000000000000002     0.0000000000000000       -0.0676247587949265     0.0000000000000000
    5    4
     0.0223625372670309     0.0000000000000000        0.0000000000000000     0.0000000000000000        0.0000000000000000     0.0000000000000000
     0.0000000000000000     0.0000000000000000       -0.0676247587949263     0.0000000000000000       -0.0000000000000004     0.0000000000000000
     0.0000000000000000     0.0000000000000000       -0.0000000000000004     0.0000000000000000       -0.0676247587949265     0.0000000000000000
    5    5
     0.1192899113155321     0.0000000000000000        0.0000000000000000     0.0000000000000000        0.0000000000000000     0.0000000000000000
     0.0000000000000000     0.0000000000000000        0.1192899113155323     0.0000000000000000        0.0000000000000008     0.0000000000000000
     0.0000000000000000     0.0000000000000000        0.0000000000000008     0.0000000000000000        0.1377068517696863     0.0000000000000000

     Diagonalizing the dynamical matrix

     q = (     0.000000000000     0.000000000000     0.000000000000 )

***************************************************************************
   freq (    1) =    -0.00000010 [THz] =    -0.00000337 [cm-1]
(   0.011478  0.000000   0.422863  0.000000   0.145103  0.000000 )
(   0.011478  0.000000   0.422863  0.000000   0.145103  0.000000 )
(   0.011478  0.000000   0.422863  0.000000   0.145103  0.000000 )
(   0.011478  0.000000   0.422863  0.000000   0.145103  0.000000 )
(   0.011478  0.000000   0.422863  0.000000   0.145103  0.000000 )
   freq (    2) =     0.00000012 [THz] =     0.00000389 [cm-1]
(   0.009650  0.000000  -0.145351  0.000000   0.422824  0.000000 )
(   0.009650  0.000000  -0.145351  0.000000   0.422824  0.000000 )
(   0.009650  0.000000  -0.145351  0.000000   0.422824  0.000000 )
(   0.009650  0.000000  -0.145351  0.000000   0.422824  0.000000 )
(   0.009650  0.000000  -0.145351  0.000000   0.422824  0.000000 )
   freq (    3) =     0.00000022 [THz] =     0.00000730 [cm-1]
(   0.446962  0.000000  -0.007721  0.000000  -0.012855  0.000000 )
(   0.446962  0.000000  -0.007721  0.000000  -0.012855  0.000000 )
(   0.446962  0.000000  -0.007721  0.000000  -0.012855  0.000000 )
(   0.446962  0.000000  -0.007721  0.000000  -0.012855  0.000000 )
(   0.446962  0.000000  -0.007721  0.000000  -0.012855  0.000000 )
   freq (    4) =     5.03534829 [THz] =   167.96111556 [cm-1]
(  -0.002360  0.000000  -0.260488  0.000000   0.206217  0.000000 )
(   0.003448  0.000000   0.380659  0.000000  -0.301351  0.000000 )
(   0.003103  0.000000   0.377237  0.000000  -0.298642  0.000000 )
(   0.003417  0.000000   0.342539  0.000000  -0.298642  0.000000 )
(   0.003417  0.000000   0.377237  0.000000  -0.271173  0.000000 )
   freq (    5) =     5.03534829 [THz] =   167.96111556 [cm-1]
(   0.332174  0.000000  -0.005786  0.000000  -0.003508  0.000000 )
(  -0.485415  0.000000   0.008456  0.000000   0.005127  0.000000 )
(  -0.436804  0.000000   0.008380  0.000000   0.005081  0.000000 )
(  -0.481051  0.000000   0.007609  0.000000   0.005081  0.000000 )
(  -0.481051  0.000000   0.008380  0.000000   0.004613  0.000000 )
   freq (    6) =     5.03534829 [THz] =   167.96111556 [cm-1]
(  -0.006342  0.000000  -0.206149  0.000000  -0.260476  0.000000 )
(   0.009268  0.000000   0.301252  0.000000   0.380640  0.000000 )
(   0.008340  0.000000   0.298544  0.000000   0.377218  0.000000 )
(   0.009185  0.000000   0.271084  0.000000   0.377218  0.000000 )
(   0.009185  0.000000   0.298544  0.000000   0.342522  0.000000 )
   freq (    7) =     6.96303127 [THz] =   232.26168922 [cm-1]
(   0.000009  0.000000   0.004457  0.000000  -0.003493  0.000000 )
(   0.000719  0.000000   0.359601  0.000000  -0.281824  0.000000 )
(  -0.001194  0.000000  -0.258542  0.000000   0.202623  0.000000 )
(  -0.000517  0.000000  -0.597057  0.000000   0.202623  0.000000 )
(  -0.000517  0.000000  -0.258542  0.000000   0.467922  0.000000 )
   freq (    8) =     6.96303127 [THz] =   232.26168922 [cm-1]
(  -0.005662  0.000000   0.000061  0.000000   0.000063  0.000000 )
(  -0.456824  0.000000   0.004914  0.000000   0.005105  0.000000 )
(   0.758479  0.000000  -0.003533  0.000000  -0.003670  0.000000 )
(   0.328442  0.000000  -0.008159  0.000000  -0.003670  0.000000 )
(   0.328442  0.000000  -0.003533  0.000000  -0.008476  0.000000 )
   freq (    9) =     6.96303127 [THz] =   232.26168922 [cm-1]
(  -0.000087  0.000000  -0.003493  0.000000  -0.004457  0.000000 )
(  -0.007049  0.000000  -0.281783  0.000000  -0.359566  0.000000 )
(   0.011704  0.000000   0.202592  0.000000   0.258516  0.000000 )
(   0.005068  0.000000   0.467852  0.000000   0.258516  0.000000 )
(   0.005068  0.000000   0.202592  0.000000   0.596998  0.000000 )
   freq (   10) =     8.48178029 [THz] =   282.92169633 [cm-1]
(  -0.000000  0.000000  -0.000000  0.000000   0.000000  0.000000 )
(  -0.000000  0.000000  -0.000000  0.000000  -0.000000  0.000000 )
(   0.000000  0.000000  -0.090020  0.000000   0.062811  0.000000 )
(   0.698535  0.000000   0.000000  0.000000  -0.062811  0.000000 )
(  -0.698535  0.000000   0.090020  0.000000  -0.000000  0.000000 )
   freq (   11) =     8.48178029 [THz] =   282.92169633 [cm-1]
(  -0.000000  0.000000   0.000000  0.000000   0.000000  0.000000 )
(  -0.000000  0.000000  -0.000000  0.000000   0.000000  0.000000 )
(   0.000000  0.000000   0.584685  0.000000  -0.382237  0.000000 )
(   0.109718  0.000000  -0.000000  0.000000   0.382237  0.000000 )
(  -0.109718  0.000000  -0.584685  0.000000   0.000000  0.000000 )
   freq (   12) =     8.48178029 [THz] =   282.92169633 [cm-1]
(  -0.000000  0.000000  -0.000000  0.000000   0.000000  0.000000 )
(   0.000000  0.000000  -0.000000  0.000000  -0.000000  0.000000 )
(   0.000000  0.000000  -0.387350  0.000000  -0.591565  0.000000 )
(   0.003275  0.000000  -0.000000  0.000000   0.591565  0.000000 )
(  -0.003275  0.000000   0.387350  0.000000  -0.000000  0.000000 )
   freq (   13) =    13.48352456 [THz] =   449.76190253 [cm-1]
(  -0.004042  0.000000  -0.000092  0.000000  -0.000073  0.000000 )
(   0.128608  0.000000   0.002929  0.000000   0.002337  0.000000 )
(   0.675663  0.000000  -0.011680  0.000000  -0.009318  0.000000 )
(  -0.512872  0.000000   0.015388  0.000000  -0.009318  0.000000 )
(  -0.512872  0.000000  -0.011680  0.000000   0.012275  0.000000 )
   freq (   14) =    13.48352456 [THz] =   449.76190253 [cm-1]
(   0.000117  0.000000  -0.003479  0.000000  -0.002059  0.000000 )
(  -0.003711  0.000000   0.110681  0.000000   0.065497  0.000000 )
(  -0.019494  0.000000  -0.441384  0.000000  -0.261193  0.000000 )
(   0.014797  0.000000   0.581484  0.000000  -0.261193  0.000000 )
(   0.014797  0.000000  -0.441384  0.000000   0.344099  0.000000 )
   freq (   15) =    13.48352456 [THz] =   449.76190253 [cm-1]
(   0.000016  0.000000   0.002060  0.000000  -0.003480  0.000000 )
(  -0.000519  0.000000  -0.065536  0.000000   0.110719  0.000000 )
(  -0.002727  0.000000   0.261351  0.000000  -0.441534  0.000000 )
(   0.002070  0.000000  -0.344307  0.000000  -0.441534  0.000000 )
(   0.002070  0.000000   0.261351  0.000000   0.581682  0.000000 )
***************************************************************************
