Dynamical matrix file
File generated with the CellConstructor by Lorenzo Monacelli
3 5 0     1.8897259890000000     0.0000000000000000     0.0000000000000000     0.0000000000000000     0.0000000000000000     0.0000000000000000
Basis vectors
    4.0162168494695329     0.0000000000000000     0.0000000000000001
   -0.0000000000000002     4.0162168494695285    -0.0000000000000146
   -0.0000000000000005    -0.0000000000000098     4.0162168494695232
	1  'Ba '  125165.9077335107867839
	2  'Ti '  43628.1030349454958923
	3  'O '  14582.1969301625977096
    1     1    -0.0000000000000001    -0.0000000000000000     0.0000000000000000
    2     2     2.0081084247347660     2.0081084247347594     2.0081084247347545
    3     3    -0.0000000000000003     2.0081084247347594     2.0081084247347545
    4     3     2.0081084247347660    -0.0000000000000049     2.0081084247347616
    5     3     2.0081084247347665     2.0081084247347643    -0.0000000000000073

     Dynamical Matrix in cartesian axes

     q = (     0.000000000000     0.000000000000     0.000000000000 )

    1    1
     0.1206218338013664     0.0000000000000000       -0.0000000000000001     0.0000000000000000       -0.0000000000000001     0.0000000000000000
    -0.0000000000000001     0.0000000000000000        0.1206218338013666     0.0000000000000000        0.0000000000000004     0.0000000000000000
    -0.0000000000000001     0.0000000000000000        0.0000000000000004     0.0000000000000000        0.1206218338013669     0.0000000000000000
    1    2
    -0.0675836801994362     0.0000000000000000        0.0000000000000000     0.0000000000000000        0.0000000000000000     0.0000000000000000
     0.0000000000000000     0.0000000000000000       -0.0675836801994363     0.0000000000000000       -0.0000000000000003     0.0000000000000000
     0.0000000000000000     0.0000000000000000       -0.0000000000000003     0.0000000000000000       -0.0675836801994365     0.0000000000000000
    1    3
    -0.0223145562941404     0.0000000000000000        0.0000000000000000     0.0000000000000000        0.0000000000000000     0.0000000000000000
     0.0000000000000000     0.0000000000000000       -0.0153617986538949     0.0000000000000000       -0.0000000000000000     0.0000000000000000
     0.0000000000000000     0.0000000000000000       -0.0000000000000000     0.0000000000000000       -0.0153617986538949     0.0000000000000000
    1    4
    -0.0153617986538949     0.0000000000000000        0.0000000000000000     0.0000000000000000        0.0000000000000000     0.0000000000000000
     0.0000000000000000     0.0000000000000000       -0.0223145562941404     0.0000000000000000       -0.0000000000000000     0.0000000000000000
     0.0000000000000000     0.0000000000000000       -0.0000000000000000     0.0000000000000000       -0.0153617986538949     0.0000000000000000
    1    5
    -0.0153617986538949     0.0000000000000000        0.0000000000000000     0.0000000000000000        0.0000000000000000     0.0000000000000000
     0.0000000000000000     0.0000000000000000       -0.0153617986538949     0.0000000000000000       -0.0000000000000000     0.0000000000000000
     0.0000000000000000     0.0000000000000000       -0.0000000000000000     0.0000000000000000       -0.0223145562941405     0.0000000000000000
    2    1
    -0.0675836801994362     0.0000000000000000        0.0000000000000000     0.0000000000000000        0.0000000000000000     0.0000000000000000
     0.0000000000000000     0.0000000000000000       -0.0675836801994363     0.0000000000000000       -0.0000000000000003     0.0000000000000000
     0.0000000000000000     0.0000000000000000       -0.0000000000000003     0.0000000000000000       -0.0675836801994366     0.0000000000000000
    2    2
    -0.0198125874581664     0.0000000000000000       -0.0000000000000000     0.0000000000000000       -0.0000000000000000     0.0000000000000000
    -0.0000000000000000     0.0000000000000000       -0.0198125874581664     0.0000000000000000       -0.0000000000000002     0.0000000000000000
    -0.0000000000000000     0.0000000000000000       -0.0000000000000002     0.0000000000000000       -0.0198125874581663     0.0000000000000000
    2    3
     0.1189277378628076     0.0000000000000000       -0.0000000000000000     0.0000000000000000        0.0000000000000000     0.0000000000000000
    -0.0000000000000000     0.0000000000000000       -0.0157657351026026     0.0000000000000000       -0.0000000000000001     0.0000000000000000
     0.0000000000000000     0.0000000000000000       -0.0000000000000001     0.0000000000000000       -0.0157657351026025     0.0000000000000000
    2    4
    -0.0157657351026025     0.0000000000000000        0.0000000000000000     0.0000000000000000       -0.0000000000000000     0.0000000000000000
    -0.0000000000000000     0.0000000000000000        0.1189277378628078     0.0000000000000000        0.0000000000000002     0.0000000000000000
    -0.0000000000000000     0.0000000000000000        0.0000000000000002     0.0000000000000000       -0.0157657351026025     0.0000000000000000
    2    5
    -0.0157657351026025     0.0000000000000000       -0.0000000000000000     0.0000000000000000       -0.0000000000000000     0.0000000000000000
     0.0000000000000000     0.0000000000000000       -0.0157657351026025     0.0000000000000000        0.0000000000000004     0.0000000000000000
    -0.0000000000000000     0.0000000000000000        0.0000000000000004     0.0000000000000000        0.1189277378628078     0.0000000000000000
    3    1
    -0.0223145562941404     0.0000000000000000        0.0000000000000000     0.0000000000000000        0.0000000000000000     0.0000000000000000
     0.0000000000000000     0.0000000000000000       -0.0153617986538950     0.0000000000000000       -0.0000000000000000     0.0000000000000000
     0.0000000000000000     0.0000000000000000       -0.0000000000000000     0.0000000000000000       -0.0153617986538949     0.0000000000000000
    3    2
     0.1189277378628076     0.0000000000000000       -0.0000000000000000     0.0000000000000000        0.0000000000000000     0.0000000000000000
    -0.0000000000000000     0.0000000000000000       -0.0157657351026026     0.0000000000000000       -0.0000000000000001     0.0000000000000000
     0.0000000000000000     0.0000000000000000       -0.0000000000000001     0.0000000000000000       -0.0157657351026025     0.0000000000000000
    3    3
     0.0846159060163635     0.0000000000000000       -0.0000000000000000     0.0000000000000000        0.0000000000000000     0.0000000000000000
    -0.0000000000000000     0.0000000000000000        0.1093347257987574     0.0000000000000000        0.0000000000000007     0.0000000000000000
     0.0000000000000000     0.0000000000000000        0.0000000000000007     0.0000000000000000        0.1093347257987571     0.0000000000000000
    3    4
    -0.0906145437925154     0.0000000000000000       -0.0000000000000000     0.0000000000000000       -0.0000000000000000     0.0000000000000000
    -0.0000000000000000     0.0000000000000000       -0.0906145437925156     0.0000000000000000       -0.0000000000000002     0.0000000000000000
    -0.0000000000000000     0.0000000000000000       -0.0000000000000002     0.0000000000000000        0.0124073517502559     0.0000000000000000
    3    5
    -0.0906145437925152     0.0000000000000000        0.0000000000000000     0.0000000000000000       -0.0000000000000000     0.0000000000000000
     0.0000000000000000     0.0000000000000000        0.0124073517502558     0.0000000000000000       -0.0000000000000003     0.0000000000000000
    -0.0000000000000000     0.0000000000000000       -0.0000000000000003     0.0000000000000000       -0.0906145437925155     0.0000000000000000
    4    1
    -0.0153617986538949     0.0000000000000000        0.0000000000000000     0.0000000000000000        0.0000000000000000     0.0000000000000000
     0.0000000000000000     0.0000000000000000       -0.0223145562941404     0.0000000000000000       -0.0000000000000000     0.0000000000000000
     0.0000000000000000     0.0000000000000000       -0.0000000000000000     0.0000000000000000       -0.0153617986538949     0.0000000000000000
    4    2
    -0.0157657351026025     0.0000000000000000       -0.0000000000000000     0.0000000000000000       -0.0000000000000000     0.0000000000000000
     0.0000000000000000     0.0000000000000000        0.1189277378628078     0.0000000000000000        0.0000000000000002     0.0000000000000000
    -0.0000000000000000     0.0000000000000000        0.0000000000000002     0.0000000000000000       -0.0157657351026025     0.0000000000000000
    4    3
    -0.0906145437925154     0.0000000000000000       -0.0000000000000000     0.0000000000000000       -0.0000000000000000     0.0000000000000000
    -0.0000000000000000     0.0000000000000000       -0.0906145437925156     0.0000000000000000       -0.0000000000000002     0.0000000000000000
    -0.0000000000000000     0.0000000000000000       -0.0000000000000002     0.0000000000000000        0.0124073517502559     0.0000000000000000
    4    4
     0.1093347257987571     0.0000000000000000        0.0000000000000000     0.0000000000000000        0.0000000000000000     0.0000000000000000
     0.0000000000000000     0.0000000000000000        0.0846159060163637     0.0000000000000000        0.0000000000000006     0.0000000000000000
     0.0000000000000000     0.0000000000000000        0.0000000000000006     0.0000000000000000        0.1093347257987571     0.0000000000000000
    4    5
     0.0124073517502558     0.0000000000000000       -0.0000000000000000     0.0000000000000000        0.0000000000000000     0.0000000000000000
    -0.0000000000000000     0.0000000000000000       -0.0906145437925155     0.0000000000000000       -0.0000000000000006     0.0000000000000000
    -0.0000000000000000     0.0000000000000000       -0.0000000000000006     0.0000000000000000       -0.0906145437925156     0.0000000000000000
    5    1
    -0.0153617986538949     0.0000000000000000        0.0000000000000000     0.0000000000000000        0.0000000000000000     0.0000000000000000
     0.0000000000000000     0.0000000000000000       -0.0153617986538949     0.0000000000000000       -0.0000000000000000     0.0000000000000000
     0.0000000000000000     0.0000000000000000       -0.0000000000000000     0.0000000000000000       -0.0223145562941406     0.0000000000000000
    5    2
    -0.0157657351026025     0.0000000000000000        0.0000000000000000     0.0000000000000000       -0.0000000000000000     0.0000000000000000
    -0.0000000000000000     0.0000000000000000       -0.0157657351026025     0.0000000000000000        0.0000000000000004     0.0000000000000000
    -0.0000000000000000     0.0000000000000000        0.0000000000000004     0.0000000000000000        0.1189277378628079     0.0000000000000000
    5    3
    -0.0906145437925152     0.0000000000000000        0.0000000000000000     0.0000000000000000       -0.0000000000000000     0.0000000000000000
     0.0000000000000000     0.0000000000000000        0.0124073517502558     0.0000000000000000       -0.0000000000000003     0.0000000000000000
    -0.0000000000000000     0.0000000000000000       -0.0000000000000003     0.0000000000000000       -0.0906145437925155     0.0000000000000000
    5    4
     0.0124073517502558     0.0000000000000000       -0.0000000000000000     0.0000000000000000       -0.0000000000000000     0.0000000000000000
    -0.0000000000000000     0.0000000000000000       -0.0906145437925155     0.0000000000000000       -0.0000000000000006     0.0000000000000000
     0.0000000000000000     0.0000000000000000       -0.0000000000000006     0.0000000000000000       -0.0906145437925156     0.0000000000000000
    5    5
     0.1093347257987567     0.0000000000000000        0.0000000000000000     0.0000000000000000        0.0000000000000000     0.0000000000000000
     0.0000000000000000     0.0000000000000000        0.1093347257987571     0.0000000000000000        0.0000000000000006     0.0000000000000000
     0.0000000000000000     0.0000000000000000        0.0000000000000006     0.0000000000000000        0.0846159060163638     0.0000000000000000

     Diagonalizing the dynamical matrix

     q = (     0.000000000000     0.000000000000     0.000000000000 )

***************************************************************************
   freq (    1) =    -6.96303127 [THz] =  -232.26168922 [cm-1]
(  -0.000033  0.000000  -0.003754  0.000000  -0.004240  0.000000 )
(  -0.002686  0.000000  -0.302836  0.000000  -0.342084  0.000000 )
(   0.004460  0.000000   0.217729  0.000000   0.245947  0.000000 )
(   0.001931  0.000000   0.502808  0.000000   0.245947  0.000000 )
(   0.001931  0.000000   0.217729  0.000000   0.567973  0.000000 )
   freq (    2) =    -6.96303127 [THz] =  -232.26168922 [cm-1]
(  -0.005663  0.000000   0.000053  0.000000  -0.000003  0.000000 )
(  -0.456859  0.000000   0.004302  0.000000  -0.000221  0.000000 )
(   0.758537  0.000000  -0.003093  0.000000   0.000159  0.000000 )
(   0.328467  0.000000  -0.007142  0.000000   0.000159  0.000000 )
(   0.328467  0.000000  -0.003093  0.000000   0.000367  0.000000 )
   freq (    3) =    -6.96303127 [THz] =  -232.26168922 [cm-1]
(  -0.000042  0.000000  -0.004240  0.000000   0.003754  0.000000 )
(  -0.003367  0.000000  -0.342068  0.000000   0.302848  0.000000 )
(   0.005591  0.000000   0.245935  0.000000  -0.217738  0.000000 )
(   0.002421  0.000000   0.567946  0.000000  -0.217738  0.000000 )
(   0.002421  0.000000   0.245935  0.000000  -0.502828  0.000000 )
   freq (    4) =    -0.00000008 [THz] =    -0.00000263 [cm-1]
(  -0.028881  0.000000   0.411653  0.000000  -0.172360  0.000000 )
(  -0.028881  0.000000   0.411653  0.000000  -0.172360  0.000000 )
(  -0.028881  0.000000   0.411653  0.000000  -0.172360  0.000000 )
(  -0.028881  0.000000   0.411653  0.000000  -0.172360  0.000000 )
(  -0.028881  0.000000   0.411653  0.000000  -0.172360  0.000000 )
   freq (    5) =    -0.00000001 [THz] =    -0.00000041 [cm-1]
(   0.446280  0.000000   0.026589  0.000000  -0.011276  0.000000 )
(   0.446280  0.000000   0.026589  0.000000  -0.011276  0.000000 )
(   0.446280  0.000000   0.026589  0.000000  -0.011276  0.000000 )
(   0.446280  0.000000   0.026589  0.000000  -0.011276  0.000000 )
(   0.446280  0.000000   0.026589  0.000000  -0.011276  0.000000 )
   freq (    6) =     0.00000040 [THz] =     0.00001348 [cm-1]
(   0.000132  0.000000   0.172728  0.000000   0.412511  0.000000 )
(   0.000132  0.000000   0.172728  0.000000   0.412511  0.000000 )
(   0.000132  0.000000   0.172728  0.000000   0.412511  0.000000 )
(   0.000132  0.000000   0.172728  0.000000   0.412511  0.000000 )
(   0.000132  0.000000   0.172728  0.000000   0.412511  0.000000 )
   freq (    7) =     5.03534829 [THz] =   167.96111556 [cm-1]
(  -0.322430  0.000000  -0.080121  0.000000  -0.002188  0.000000 )
(   0.471176  0.000000   0.117082  0.000000   0.003198  0.000000 )
(   0.423991  0.000000   0.116030  0.000000   0.003169  0.000000 )
(   0.466940  0.000000   0.105357  0.000000   0.003169  0.000000 )
(   0.466940  0.000000   0.116030  0.000000   0.002878  0.000000 )
   freq (    8) =     5.03534829 [THz] =   167.96111556 [cm-1]
(  -0.066485  0.000000   0.272424  0.000000  -0.178185  0.000000 )
(   0.097157  0.000000  -0.398101  0.000000   0.260387  0.000000 )
(   0.087427  0.000000  -0.394522  0.000000   0.258046  0.000000 )
(   0.096283  0.000000  -0.358234  0.000000   0.258046  0.000000 )
(   0.096283  0.000000  -0.394522  0.000000   0.234311  0.000000 )
   freq (    9) =     5.03534829 [THz] =   167.96111556 [cm-1]
(  -0.044764  0.000000   0.172485  0.000000   0.280411  0.000000 )
(   0.065415  0.000000  -0.252056  0.000000  -0.409773  0.000000 )
(   0.058864  0.000000  -0.249791  0.000000  -0.406089  0.000000 )
(   0.064827  0.000000  -0.226815  0.000000  -0.406089  0.000000 )
(   0.064827  0.000000  -0.249791  0.000000  -0.368737  0.000000 )
   freq (   10) =     8.48178029 [THz] =   282.92169633 [cm-1]
(   0.000000  0.000000   0.000000  0.000000  -0.000000  0.000000 )
(   0.000000  0.000000  -0.000000  0.000000   0.000000  0.000000 )
(   0.000000  0.000000   0.414990  0.000000  -0.571514  0.000000 )
(  -0.033992  0.000000  -0.000000  0.000000   0.571514  0.000000 )
(   0.033992  0.000000  -0.414990  0.000000   0.000000  0.000000 )
   freq (   11) =     8.48178029 [THz] =   282.92169633 [cm-1]
(  -0.000000  0.000000   0.000000  0.000000  -0.000000  0.000000 )
(   0.000000  0.000000  -0.000000  0.000000  -0.000000  0.000000 )
(   0.000000  0.000000   0.022940  0.000000  -0.025350  0.000000 )
(   0.706280  0.000000  -0.000000  0.000000   0.025350  0.000000 )
(  -0.706280  0.000000  -0.022940  0.000000   0.000000  0.000000 )
   freq (   12) =     8.48178029 [THz] =   282.92169633 [cm-1]
(   0.000000  0.000000  -0.000000  0.000000  -0.000000  0.000000 )
(   0.000000  0.000000   0.000000  0.000000   0.000000  0.000000 )
(   0.000000  0.000000   0.572064  0.000000   0.415607  0.000000 )
(  -0.003663  0.000000   0.000000  0.000000  -0.415607  0.000000 )
(   0.003663  0.000000  -0.572064  0.000000   0.000000  0.000000 )
   freq (   13) =    13.48352456 [THz] =   449.76190253 [cm-1]
(   0.001130  0.000000  -0.002639  0.000000  -0.002848  0.000000 )
(  -0.035960  0.000000   0.083967  0.000000   0.090611  0.000000 )
(  -0.188921  0.000000  -0.334850  0.000000  -0.361347  0.000000 )
(   0.143403  0.000000   0.441135  0.000000  -0.361347  0.000000 )
(   0.143403  0.000000  -0.334850  0.000000   0.476043  0.000000 )
   freq (   14) =    13.48352456 [THz] =   449.76190253 [cm-1]
(  -0.003883  0.000000  -0.000742  0.000000  -0.000853  0.000000 )
(   0.123530  0.000000   0.023602  0.000000   0.027152  0.000000 )
(   0.648987  0.000000  -0.094122  0.000000  -0.108281  0.000000 )
(  -0.492623  0.000000   0.123998  0.000000  -0.108281  0.000000 )
(  -0.492623  0.000000  -0.094122  0.000000   0.142650  0.000000 )
   freq (   15) =    13.48352456 [THz] =   449.76190253 [cm-1]
(   0.000035  0.000000   0.002973  0.000000  -0.002741  0.000000 )
(  -0.001098  0.000000  -0.094586  0.000000   0.087214  0.000000 )
(  -0.005769  0.000000   0.377197  0.000000  -0.347799  0.000000 )
(   0.004379  0.000000  -0.496923  0.000000  -0.347799  0.000000 )
(   0.004379  0.000000   0.377197  0.000000   0.458195  0.000000 )
***************************************************************************
