Dynamical matrix file
File generated with the CellConstructor by Lorenzo Monacelli
3 5 0     1.8897259890000000     0.0000000000000000     0.0000000000000000     0.0000000000000000     0.0000000000000000     0.0000000000000000
Basis vectors
    4.0162168494695329     0.0000000000000000     0.0000000000000001
   -0.0000000000000002     4.0162168494695285    -0.0000000000000146
   -0.0000000000000005    -0.0000000000000098     4.0162168494695232
	1  'Ba '  125165.9077335107867839
	2  'Ti '  43628.1030349454958923
	3  'O '  14582.1969301625977096
    1     1     0.0000000000000005    -0.0000000000000001     0.0000000000000001
    2     2     2.0081084247347665     2.0081084247347594     2.0081084247347545
    3     3     0.0000000000000003     2.0081084247347594     2.0081084247347545
    4     3     2.0081084247347665    -0.0000000000000055     2.0081084247347607
    5     3     2.0081084247347669     2.0081084247347638    -0.0000000000000073

     Dynamical Matrix in cartesian axes

     q = (     0.124495269738    -0.124495269738     0.124495269738 )

    1    1
     0.1746586054936715     0.0000000000000000        0.0000000000000000     0.0000000000000000        0.0000000000000000     0.0000000000000000
     0.0000000000000000     0.0000000000000000        0.1746586054936719     0.0000000000000000        0.0000000000000011     0.0000000000000000
     0.0000000000000000     0.0000000000000000        0.0000000000000011     0.0000000000000000        0.1746586054936724     0.0000000000000000
    1    2
     0.0000000000000000     0.0000000000000000       -0.0000000000000000    -0.0000000000000000        0.0000000000000000     0.0000000000000000
    -0.0000000000000000    -0.0000000000000000        0.0000000000000000     0.0000000000000000       -0.0000000000000000    -0.0000000000000000
     0.0000000000000000     0.0000000000000000       -0.0000000000000000    -0.0000000000000000        0.0000000000000000     0.0000000000000000
    1    3
    -0.0000000000000000    -0.0000000000000000        0.0000000000000000     0.0000000000000000        0.0000000000000000     0.0000000000000000
     0.0000000000000000     0.0000000000000000       -0.0000000000000000    -0.0000000000000000       -0.0046824872170531    -0.0000000000000000
     0.0000000000000000     0.0000000000000000       -0.0046824872170531    -0.0000000000000000       -0.0000000000000000    -0.0000000000000000
    1    4
     0.0000000000000000    -0.0000000000000000       -0.0000000000000000     0.0000000000000000       -0.0046824872170530     0.0000000004093560
    -0.0000000000000000     0.0000000000000000       -0.0000000000000000     0.0000000000000000       -0.0000000000000000     0.0000000000000000
    -0.0046824872170530     0.0000000004093560       -0.0000000000000000     0.0000000000000000       -0.0000000000000000     0.0000000000000000
    1    5
     0.0000000000000000    -0.0000000000000000       -0.0046824872170530     0.0000000000000000       -0.0000000000000000     0.0000000000000000
    -0.0046824872170530     0.0000000000000000       -0.0000000000000000     0.0000000000000000       -0.0000000000000000     0.0000000000000000
    -0.0000000000000000     0.0000000000000000       -0.0000000000000000     0.0000000000000000       -0.0000000000000000     0.0000000000000000
    2    1
     0.0000000000000000    -0.0000000000000000       -0.0000000000000000     0.0000000000000000        0.0000000000000000    -0.0000000000000000
    -0.0000000000000000     0.0000000000000000        0.0000000000000000    -0.0000000000000000       -0.0000000000000000     0.0000000000000000
     0.0000000000000000    -0.0000000000000000       -0.0000000000000000     0.0000000000000000        0.0000000000000000    -0.0000000000000000
    2    2
     0.5562543321597674     0.0000000000000000        0.0000000000000000     0.0000000000000000        0.0000000000000001     0.0000000000000000
     0.0000000000000000     0.0000000000000000        0.5562543321597685     0.0000000000000000        0.0000000000000034     0.0000000000000000
     0.0000000000000001     0.0000000000000000        0.0000000000000034     0.0000000000000000        0.5562543321597699     0.0000000000000000
    2    3
     0.0000000000000000    -0.0000000000000000       -0.0000000000000000    -0.0000000000000000        0.0000000000000000    -0.0000000000000000
    -0.0000000000000000     0.0000000000000000        0.0000000000000000    -0.0000000000000000        0.0000000000000000     0.0000000000000000
     0.0000000000000000    -0.0000000000000000        0.0000000000000000     0.0000000000000000        0.0000000000000000    -0.0000000000000000
    2    4
     0.0000000000000000     0.0000000000000000        0.0000000000000000    -0.0000000000000000        0.0000000000000000     0.0000000000000000
    -0.0000000000000000     0.0000000000000000        0.0000000000000000     0.0000000000000000       -0.0000000000000000     0.0000000000000000
     0.0000000000000000     0.0000000000000000        0.0000000000000000     0.0000000000000000        0.0000000000000000     0.0000000000000000
    2    5
     0.0000000000000000    -0.0000000000000000        0.0000000000000000    -0.0000000000000000       -0.0000000000000000    -0.0000000000000000
     0.0000000000000000    -0.0000000000000000        0.0000000000000000    -0.0000000000000000       -0.0000000000000000    -0.0000000000000000
     0.0000000000000000    -0.0000000000000000        0.0000000000000000    -0.0000000000000000        0.0000000000000000    -0.0000000000000000
    3    1
    -0.0000000000000000     0.0000000000000000        0.0000000000000000    -0.0000000000000000        0.0000000000000000    -0.0000000000000000
     0.0000000000000000    -0.0000000000000000       -0.0000000000000000     0.0000000000000000       -0.0046824872170531     0.0000000000000000
     0.0000000000000000    -0.0000000000000000       -0.0046824872170531     0.0000000000000000       -0.0000000000000000     0.0000000000000000
    3    2
     0.0000000000000000     0.0000000000000000       -0.0000000000000000    -0.0000000000000000        0.0000000000000000     0.0000000000000000
    -0.0000000000000000     0.0000000000000000        0.0000000000000000     0.0000000000000000        0.0000000000000000    -0.0000000000000000
    -0.0000000000000000     0.0000000000000000       -0.0000000000000000    -0.0000000000000000        0.0000000000000000     0.0000000000000000
    3    3
     0.3435569784358259     0.0000000000000000        0.0000000000000000     0.0000000000000000        0.0000000000000000     0.0000000000000000
     0.0000000000000000     0.0000000000000000        0.1272298140707386     0.0000000000000000        0.0000000000000008     0.0000000000000000
     0.0000000000000000     0.0000000000000000        0.0000000000000008     0.0000000000000000        0.1272298140707388     0.0000000000000000
    3    4
    -0.0000000000000000     0.0000000000000000        0.1572893997048896    -0.0000000137506765        0.0000000000000004    -0.0000000000000000
     0.0877304321389382    -0.0000000076696382        0.0000000000000000    -0.0000000000000000        0.0000000000000000    -0.0000000000000000
     0.0000000000000002    -0.0000000000000000        0.0000000000000000    -0.0000000000000000        0.0000000000000000    -0.0000000000000000
    3    5
    -0.0000000000000000     0.0000000000000000        0.0000000000000006    -0.0000000000000000        0.1572893997048903    -0.0000000000000001
     0.0000000000000003    -0.0000000000000000        0.0000000000000000    -0.0000000000000000        0.0000000000000000    -0.0000000000000000
     0.0877304321389386    -0.0000000000000000        0.0000000000000000    -0.0000000000000000        0.0000000000000000    -0.0000000000000000
    4    1
     0.0000000000000000     0.0000000000000000       -0.0000000000000000    -0.0000000000000000       -0.0046824872170530    -0.0000000004093560
    -0.0000000000000000    -0.0000000000000000       -0.0000000000000000    -0.0000000000000000       -0.0000000000000000    -0.0000000000000000
    -0.0046824872170530    -0.0000000004093560       -0.0000000000000000    -0.0000000000000000       -0.0000000000000000    -0.0000000000000000
    4    2
     0.0000000000000000    -0.0000000000000000        0.0000000000000000    -0.0000000000000000        0.0000000000000000    -0.0000000000000000
     0.0000000000000000     0.0000000000000000        0.0000000000000000    -0.0000000000000000        0.0000000000000000    -0.0000000000000000
     0.0000000000000000    -0.0000000000000000        0.0000000000000000    -0.0000000000000000        0.0000000000000000    -0.0000000000000000
    4    3
    -0.0000000000000000    -0.0000000000000000        0.0877304321389382     0.0000000076696382        0.0000000000000002     0.0000000000000000
     0.1572893997048895     0.0000000137506765        0.0000000000000000     0.0000000000000000        0.0000000000000000     0.0000000000000000
     0.0000000000000004     0.0000000000000000        0.0000000000000000     0.0000000000000000        0.0000000000000000     0.0000000000000000
    4    4
     0.1272298140707383     0.0000000000000000        0.0000000000000000     0.0000000000000000        0.0000000000000000     0.0000000000000000
     0.0000000000000000     0.0000000000000000        0.3435569784358266     0.0000000000000000        0.0000000000000013     0.0000000000000000
     0.0000000000000000     0.0000000000000000        0.0000000000000013     0.0000000000000000        0.1272298140707388     0.0000000000000000
    4    5
     0.0000000000000000     0.0000000000000000       -0.0000000000000000    -0.0000000000000000       -0.0000000000000000    -0.0000000000000000
    -0.0000000000000000    -0.0000000000000000        0.0000000000000009     0.0000000000000000        0.1572893997048899     0.0000000137506764
    -0.0000000000000000    -0.0000000000000000        0.0877304321389384     0.0000000076696381        0.0000000000000006     0.0000000000000000
    5    1
     0.0000000000000000     0.0000000000000000       -0.0046824872170530    -0.0000000000000000       -0.0000000000000000    -0.0000000000000000
    -0.0046824872170530    -0.0000000000000000       -0.0000000000000000    -0.0000000000000000       -0.0000000000000000    -0.0000000000000000
    -0.0000000000000000    -0.0000000000000000       -0.0000000000000000    -0.0000000000000000       -0.0000000000000000    -0.0000000000000000
    5    2
     0.0000000000000000     0.0000000000000000        0.0000000000000000     0.0000000000000000        0.0000000000000000     0.0000000000000000
    -0.0000000000000000     0.0000000000000000        0.0000000000000000     0.0000000000000000       -0.0000000000000000     0.0000000000000000
    -0.0000000000000000     0.0000000000000000        0.0000000000000000     0.0000000000000000        0.0000000000000000     0.0000000000000000
    5    3
    -0.0000000000000000    -0.0000000000000000        0.0000000000000003     0.0000000000000000        0.0877304321389386     0.0000000000000000
     0.0000000000000006     0.0000000000000000        0.0000000000000000     0.0000000000000000        0.0000000000000000     0.0000000000000000
     0.1572893997048903     0.0000000000000001        0.0000000000000000     0.0000000000000000        0.0000000000000000     0.0000000000000000
    5    4
     0.0000000000000000    -0.0000000000000000       -0.0000000000000000     0.0000000000000000       -0.0000000000000000     0.0000000000000000
    -0.0000000000000000     0.0000000000000000        0.0000000000000009    -0.0000000000000000        0.0877304321389384    -0.0000000076696381
    -0.0000000000000000     0.0000000000000000        0.1572893997048899    -0.0000000137506764        0.0000000000000006    -0.0000000000000000
    5    5
     0.1272298140707383     0.0000000000000000        0.0000000000000000     0.0000000000000000        0.0000000000000000     0.0000000000000000
     0.0000000000000000     0.0000000000000000        0.1272298140707386     0.0000000000000000        0.0000000000000016     0.0000000000000000
     0.0000000000000000     0.0000000000000000        0.0000000000000016     0.0000000000000000        0.3435569784358274     0.0000000000000000

     Diagonalizing the dynamical matrix

     q = (     0.124495269738    -0.124495269738     0.124495269738 )

***************************************************************************
   freq (    1) =     3.88371146 [THz] =   129.54665154 [cm-1]
(  -0.063460  0.000000  -0.681998  0.000533   0.727802 -0.000026 )
(  -0.000000  0.000000  -0.000000 -0.000000   0.000000 -0.000000 )
(  -0.000000  0.000000   0.017509 -0.000001  -0.016407  0.000013 )
(   0.017509 -0.000001  -0.000000  0.000000  -0.001527 -0.000000 )
(  -0.016407  0.000013  -0.001527 -0.000000   0.000000 -0.000000 )
   freq (    2) =     3.88371146 [THz] =   129.54665154 [cm-1]
(   0.997206  0.000000  -0.057947  0.000044   0.032651 -0.000002 )
(  -0.000000 -0.000000   0.000000  0.000000   0.000000 -0.000000 )
(  -0.000000 -0.000000   0.000785 -0.000000  -0.001394  0.000001 )
(   0.000785 -0.000000  -0.000000  0.000000   0.023990  0.000000 )
(  -0.001394  0.000001   0.023990 -0.000000  -0.000000 -0.000000 )
   freq (    3) =     3.88371146 [THz] =   129.54665154 [cm-1]
(   0.019918  0.000000   0.728261 -0.000516   0.684166  0.000025 )
(  -0.000000 -0.000000   0.000000  0.000000  -0.000000 -0.000000 )
(  -0.000000 -0.000000   0.016459  0.000001   0.017520 -0.000012 )
(   0.016459  0.000001  -0.000000 -0.000000   0.000479  0.000000 )
(   0.017520 -0.000012   0.000479  0.000000   0.000000  0.000000 )
   freq (    4) =     5.41450732 [THz] =   180.60849757 [cm-1]
(   0.000000  0.000000  -0.000000  0.000000   0.000000 -0.000000 )
(   0.000000  0.000000  -0.000000 -0.000000   0.000000  0.000000 )
(  -0.000000  0.000000  -0.544362 -0.027526   0.450317 -0.001176 )
(   0.544362  0.027526  -0.000000 -0.000000  -0.010554  0.003706 )
(  -0.450317  0.001176   0.010554 -0.003706   0.000000  0.000000 )
   freq (    5) =     5.41450732 [THz] =   180.60849757 [cm-1]
(   0.000000  0.000000   0.000000 -0.000000   0.000000 -0.000000 )
(   0.000000 -0.000000  -0.000000 -0.000000   0.000000 -0.000000 )
(   0.000000  0.000000  -0.091230 -0.000102  -0.094600 -0.001481 )
(   0.091230  0.000102  -0.000000  0.000000   0.500318 -0.482087 )
(   0.094600  0.001481  -0.500318  0.482087   0.000000 -0.000000 )
   freq (    6) =     5.41450732 [THz] =   180.60849757 [cm-1]
(   0.000000  0.000000  -0.000000 -0.000000   0.000000  0.000000 )
(   0.000000 -0.000000   0.000000  0.000000   0.000000 -0.000000 )
(  -0.000000 -0.000000   0.436363  0.064624   0.534658  0.049021 )
(  -0.436363 -0.064624  -0.000000  0.000000   0.103449 -0.080298 )
(  -0.534658 -0.049021  -0.103449  0.080298   0.000000 -0.000000 )
   freq (    7) =    11.74704987 [THz] =   391.83935009 [cm-1]
(  -0.000000  0.000000  -0.000000 -0.000000  -0.000000  0.000000 )
(   0.061316  0.000139  -0.764975  0.010876   0.641041  0.001313 )
(   0.000000  0.000000  -0.000000 -0.000000   0.000000 -0.000000 )
(  -0.000000  0.000000  -0.000000 -0.000000  -0.000000  0.000000 )
(   0.000000 -0.000000   0.000000 -0.000000   0.000000  0.000000 )
   freq (    8) =    11.74704987 [THz] =   391.83935009 [cm-1]
(  -0.000000  0.000000   0.000000 -0.000000   0.000000 -0.000000 )
(   0.998102 -0.000462   0.043812  0.001040  -0.043208  0.002157 )
(   0.000000  0.000000   0.000000  0.000000  -0.000000 -0.000000 )
(   0.000000  0.000000   0.000000  0.000000  -0.000000  0.000000 )
(  -0.000000 -0.000000   0.000000 -0.000000  -0.000000 -0.000000 )
   freq (    9) =    11.74704987 [THz] =   391.83935009 [cm-1]
(   0.000000  0.000000  -0.000000 -0.000000   0.000000  0.000000 )
(   0.004668  0.003280   0.639921  0.057233   0.762056  0.080403 )
(  -0.000000  0.000000  -0.000000 -0.000000   0.000000 -0.000000 )
(  -0.000000  0.000000  -0.000000 -0.000000  -0.000000  0.000000 )
(   0.000000  0.000000   0.000000 -0.000000   0.000000  0.000000 )
   freq (   10) =    11.75797221 [THz] =   392.20368017 [cm-1]
(   0.000000  0.000000  -0.000000 -0.000000  -0.000000  0.000000 )
(   0.000000  0.000000  -0.000000 -0.000000   0.000000  0.000000 )
(  -0.770192  0.000000  -0.000000 -0.000000   0.000000  0.000000 )
(  -0.000000 -0.000000   0.618203  0.027657  -0.000000  0.000000 )
(   0.000000  0.000000  -0.000000 -0.000000   0.151989 -0.027657 )
   freq (   11) =    11.75797221 [THz] =   392.20368017 [cm-1]
(  -0.000000  0.000000  -0.000000 -0.000000   0.000000  0.000000 )
(  -0.000000  0.000000  -0.000000 -0.000000   0.000000  0.000000 )
(   0.271057  0.000000  -0.000000 -0.000000   0.000000  0.000000 )
(  -0.000000  0.000000   0.526831  0.078587   0.000000  0.000000 )
(   0.000000  0.000000   0.000000 -0.000000  -0.797888 -0.078587 )
   freq (   12) =    12.63192049 [THz] =   421.35545270 [cm-1]
(   0.000021  0.000000   0.002591  0.000002  -0.003000 -0.000001 )
(  -0.000000  0.000000   0.000000 -0.000000   0.000000  0.000000 )
(   0.000000  0.000000   0.535158  0.000157  -0.462150 -0.000345 )
(   0.535158  0.000157   0.000000  0.000000  -0.003815 -0.000000 )
(  -0.462150 -0.000345  -0.003815 -0.000000  -0.000000 -0.000000 )
   freq (   13) =    12.63192049 [THz] =   421.35545270 [cm-1]
(   0.003961  0.000000  -0.000131 -0.000000  -0.000085  0.000000 )
(  -0.000000 -0.000000  -0.000000  0.000000  -0.000000 -0.000000 )
(   0.000000  0.000000   0.015206 -0.000004   0.023441  0.000008 )
(   0.015206 -0.000004  -0.000000 -0.000000  -0.706549 -0.000000 )
(   0.023441  0.000008  -0.706549 -0.000000  -0.000000  0.000000 )
   freq (   14) =    12.63192049 [THz] =   421.35545270 [cm-1]
(  -0.000155  0.000000  -0.002997 -0.000001  -0.002589  0.000000 )
(  -0.000000 -0.000000  -0.000000  0.000000  -0.000000 -0.000000 )
(  -0.000000  0.000000   0.461916 -0.000072   0.534658  0.000158 )
(   0.461916 -0.000072  -0.000000 -0.000000   0.027679  0.000000 )
(   0.534658  0.000158   0.027679 -0.000000   0.000000  0.000000 )
   freq (   15) =    22.10148960 [THz] =   737.22623253 [cm-1]
(  -0.000000  0.000000   0.000000  0.000000  -0.000000  0.000000 )
(  -0.000000 -0.000000  -0.000000 -0.000000  -0.000000 -0.000000 )
(   0.577350 -0.000000   0.000000  0.000000   0.000000  0.000000 )
(   0.000000 -0.000000   0.577350  0.000000   0.000000  0.000000 )
(   0.000000 -0.000000   0.000000 -0.000000   0.577350  0.000000 )
***************************************************************************
