Dynamical matrix file
File generated with the CellConstructor by Lorenzo Monacelli
3 5 0     1.8897259890000000     0.0000000000000000     0.0000000000000000     0.0000000000000000     0.0000000000000000     0.0000000000000000
Basis vectors
    4.0162168494695329     0.0000000000000000     0.0000000000000001
   -0.0000000000000002     4.0162168494695285    -0.0000000000000146
   -0.0000000000000005    -0.0000000000000098     4.0162168494695232
	1  'Ba '  125165.9077335107867839
	2  'Ti '  43628.1030349454958923
	3  'O '  14582.1969301625977096
    1     1    -0.0000000000000001    -0.0000000000000003    -0.0000000000000002
    2     2     2.0081084247347665     2.0081084247347594     2.0081084247347545
    3     3     0.0000000000000001     2.0081084247347594     2.0081084247347545
    4     3     2.0081084247347665    -0.0000000000000055     2.0081084247347607
    5     3     2.0081084247347669     2.0081084247347643    -0.0000000000000073

     Dynamical Matrix in cartesian axes

     q = (    -0.124495269738    -0.000000000000    -0.124495269738 )

    1    1
     0.2046544232295879     0.0000000000000000        0.0000000000000000     0.0000000000000000        0.0000000000000000     0.0000000000000000
     0.0000000000000000     0.0000000000000000        0.1156382108082575     0.0000000000000000        0.0000000000000010     0.0000000000000000
     0.0000000000000000     0.0000000000000000        0.0000000000000010     0.0000000000000000        0.2046544232295888     0.0000000000000000
    1    2
     0.0000000000000000     0.0000000000000000       -0.0000000000000007    -0.0000000000000000       -0.1987072105103649    -0.0000000173715368
    -0.0000000000000007    -0.0000000000000000       -0.0000000000000000    -0.0000000000000000       -0.0000000000000000    -0.0000000000000000
    -0.1987072105103649    -0.0000000173715368       -0.0000000000000000    -0.0000000000000000       -0.0000000000000000    -0.0000000000000000
    1    3
    -0.0000000000000000     0.0000000000000000        0.0000000000000000    -0.0000000000000000       -0.0000000000000000     0.0000000000000000
     0.0000000000000000     0.0000000000000000       -0.0000000000000000     0.0000000000000000        0.0000000000000000    -0.0000000000000000
    -0.0000000000000000     0.0000000000000000        0.0000000000000000    -0.0000000000000000        0.0000000000000000    -0.0000000000000000
    1    4
    -0.0000000000000000    -0.0000000000000000        0.0000000000000000     0.0000000000000000        0.0111655308708955     0.0000000009761217
     0.0000000000000000     0.0000000000000000        0.0000000000000000     0.0000000000000000        0.0000000000000000     0.0000000000000000
     0.0111655308708955     0.0000000009761217        0.0000000000000000     0.0000000000000000        0.0000000000000000     0.0000000000000000
    1    5
     0.0000000000000000    -0.0000000000000000        0.0000000000000000    -0.0000000000000000        0.0000000000000000    -0.0000000000000000
    -0.0000000000000000    -0.0000000000000000       -0.0000000000000000     0.0000000000000000       -0.0000000000000000     0.0000000000000000
     0.0000000000000000    -0.0000000000000000       -0.0000000000000000     0.0000000000000000       -0.0000000000000000     0.0000000000000000
    2    1
     0.0000000000000000    -0.0000000000000000       -0.0000000000000007     0.0000000000000000       -0.1987072105103649     0.0000000173715368
    -0.0000000000000007     0.0000000000000000       -0.0000000000000000     0.0000000000000000       -0.0000000000000000     0.0000000000000000
    -0.1987072105103649     0.0000000173715368       -0.0000000000000000     0.0000000000000000       -0.0000000000000000     0.0000000000000000
    2    2
     0.5415851289895002     0.0000000000000000        0.0000000000000000     0.0000000000000000        0.0000000000000001     0.0000000000000000
     0.0000000000000000     0.0000000000000000        0.0935371927958017     0.0000000000000000        0.0000000000000022     0.0000000000000000
     0.0000000000000001     0.0000000000000000        0.0000000000000022     0.0000000000000000        0.5415851289895028     0.0000000000000000
    2    3
    -0.0000000000000000    -0.0000000000000000       -0.0000000000000000    -0.0000000000000000       -0.0000000000000000    -0.0000000000000000
    -0.0000000000000000    -0.0000000000000000        0.0000000000000000    -0.0000000000000000        0.0000000000000000    -0.0000000000000000
    -0.0000000000000000    -0.0000000000000000       -0.0000000000000000    -0.0000000000000000        0.0000000000000000     0.0000000000000000
    2    4
    -0.1039091448480381     0.0000000000000001       -0.0000000000000000     0.0000000000000000       -0.0000000000000000     0.0000000000000000
    -0.0000000000000000     0.0000000000000000        0.0613940110496789    -0.0000000000000001       -0.0000000000000002     0.0000000000000000
    -0.0000000000000000     0.0000000000000000       -0.0000000000000002     0.0000000000000000       -0.1039091448480386     0.0000000000000001
    2    5
     0.0000000000000000     0.0000000000000000        0.0000000000000000    -0.0000000000000000        0.0000000000000000     0.0000000000000000
     0.0000000000000000     0.0000000000000000        0.0000000000000000    -0.0000000000000000       -0.0000000000000000    -0.0000000000000000
     0.0000000000000000    -0.0000000000000000       -0.0000000000000000    -0.0000000000000000       -0.0000000000000000    -0.0000000000000000
    3    1
    -0.0000000000000000    -0.0000000000000000       -0.0000000000000000    -0.0000000000000000       -0.0000000000000000    -0.0000000000000000
     0.0000000000000000     0.0000000000000000       -0.0000000000000000    -0.0000000000000000        0.0000000000000000     0.0000000000000000
    -0.0000000000000000    -0.0000000000000000        0.0000000000000000     0.0000000000000000        0.0000000000000000     0.0000000000000000
    3    2
    -0.0000000000000000     0.0000000000000000       -0.0000000000000000     0.0000000000000000       -0.0000000000000000     0.0000000000000000
    -0.0000000000000000     0.0000000000000000        0.0000000000000000     0.0000000000000000       -0.0000000000000000     0.0000000000000000
    -0.0000000000000000     0.0000000000000000        0.0000000000000000     0.0000000000000000        0.0000000000000000    -0.0000000000000000
    3    3
     0.3772097026836579     0.0000000000000000        0.0000000000000000     0.0000000000000000        0.0000000000000000     0.0000000000000000
     0.0000000000000000     0.0000000000000000        0.1455770269833248     0.0000000000000000        0.0000000000000009     0.0000000000000000
     0.0000000000000000     0.0000000000000000        0.0000000000000009     0.0000000000000000        0.1518099489736044     0.0000000000000000
    3    4
     0.0000000000000000    -0.0000000000000000        0.0000000000000000    -0.0000000000000000        0.0000000000000000    -0.0000000000000000
     0.0000000000000000    -0.0000000000000000        0.0000000000000000     0.0000000000000000       -0.0000000000000000     0.0000000000000000
    -0.0000000000000000     0.0000000000000000        0.0000000000000000    -0.0000000000000000        0.0000000000000000    -0.0000000000000000
    3    5
    -0.0000000000000000    -0.0000000000000000        0.0000000000000008     0.0000000000000000        0.2165722525559894     0.0000000000000000
     0.0000000000000004     0.0000000000000000        0.0000000000000000     0.0000000000000000        0.0000000000000000     0.0000000000000000
     0.1032449990759636     0.0000000000000000        0.0000000000000000     0.0000000000000000        0.0000000000000000     0.0000000000000000
    4    1
    -0.0000000000000000     0.0000000000000000        0.0000000000000000    -0.0000000000000000        0.0111655308708955    -0.0000000009761217
     0.0000000000000000    -0.0000000000000000        0.0000000000000000    -0.0000000000000000        0.0000000000000000    -0.0000000000000000
     0.0111655308708955    -0.0000000009761217        0.0000000000000000    -0.0000000000000000        0.0000000000000000    -0.0000000000000000
    4    2
    -0.1039091448480381    -0.0000000000000001       -0.0000000000000000    -0.0000000000000000       -0.0000000000000000    -0.0000000000000000
    -0.0000000000000000    -0.0000000000000000        0.0613940110496789     0.0000000000000001       -0.0000000000000002    -0.0000000000000000
    -0.0000000000000000    -0.0000000000000000       -0.0000000000000002    -0.0000000000000000       -0.1039091448480386    -0.0000000000000001
    4    3
     0.0000000000000000     0.0000000000000000        0.0000000000000000     0.0000000000000000       -0.0000000000000000    -0.0000000000000000
     0.0000000000000000     0.0000000000000000        0.0000000000000000    -0.0000000000000000        0.0000000000000000     0.0000000000000000
     0.0000000000000000     0.0000000000000000       -0.0000000000000000    -0.0000000000000000        0.0000000000000000     0.0000000000000000
    4    4
     0.1328824816299025     0.0000000000000000        0.0000000000000000     0.0000000000000000        0.0000000000000000     0.0000000000000000
     0.0000000000000000     0.0000000000000000        0.1298896467148261     0.0000000000000000        0.0000000000000008     0.0000000000000000
     0.0000000000000000     0.0000000000000000        0.0000000000000008     0.0000000000000000        0.1328824816299032     0.0000000000000000
    4    5
     0.0000000000000000     0.0000000000000000       -0.0000000000000000     0.0000000000000000       -0.0000000000000000    -0.0000000000000000
     0.0000000000000000    -0.0000000000000000        0.0000000000000000    -0.0000000000000000        0.0000000000000000     0.0000000000000000
     0.0000000000000000    -0.0000000000000000        0.0000000000000000     0.0000000000000000        0.0000000000000000     0.0000000000000000
    5    1
     0.0000000000000000     0.0000000000000000       -0.0000000000000000     0.0000000000000000        0.0000000000000000     0.0000000000000000
     0.0000000000000000     0.0000000000000000       -0.0000000000000000    -0.0000000000000000       -0.0000000000000000    -0.0000000000000000
     0.0000000000000000     0.0000000000000000        0.0000000000000000    -0.0000000000000000       -0.0000000000000000    -0.0000000000000000
    5    2
     0.0000000000000000    -0.0000000000000000        0.0000000000000000    -0.0000000000000000        0.0000000000000000     0.0000000000000000
    -0.0000000000000000     0.0000000000000000        0.0000000000000000     0.0000000000000000       -0.0000000000000000     0.0000000000000000
     0.0000000000000000    -0.0000000000000000       -0.0000000000000000     0.0000000000000000       -0.0000000000000000     0.0000000000000000
    5    3
    -0.0000000000000000     0.0000000000000000        0.0000000000000004    -0.0000000000000000        0.1032449990759636    -0.0000000000000000
     0.0000000000000008    -0.0000000000000000        0.0000000000000000    -0.0000000000000000        0.0000000000000000    -0.0000000000000000
     0.2165722525559894    -0.0000000000000000        0.0000000000000000    -0.0000000000000000        0.0000000000000000    -0.0000000000000000
    5    4
     0.0000000000000000    -0.0000000000000000       -0.0000000000000000     0.0000000000000000        0.0000000000000000     0.0000000000000000
    -0.0000000000000000    -0.0000000000000000        0.0000000000000000     0.0000000000000000        0.0000000000000000    -0.0000000000000000
    -0.0000000000000000     0.0000000000000000        0.0000000000000000    -0.0000000000000000        0.0000000000000000    -0.0000000000000000
    5    5
     0.1518099489736037     0.0000000000000000        0.0000000000000000     0.0000000000000000        0.0000000000000000     0.0000000000000000
     0.0000000000000000     0.0000000000000000        0.1455770269833248     0.0000000000000000        0.0000000000000017     0.0000000000000000
     0.0000000000000000     0.0000000000000000        0.0000000000000017     0.0000000000000000        0.3772097026836597     0.0000000000000000

     Dynamical Matrix in cartesian axes

     q = (    -0.000000000000    -0.124495269738     0.124495269738 )

    1    1
     0.1156382108082573     0.0000000000000000        0.0000000000000000     0.0000000000000000        0.0000000000000000     0.0000000000000000
     0.0000000000000000     0.0000000000000000        0.2046544232295883     0.0000000000000000        0.0000000000000012     0.0000000000000000
     0.0000000000000000     0.0000000000000000        0.0000000000000012     0.0000000000000000        0.2046544232295888     0.0000000000000000
    1    2
    -0.0000000000000000     0.0000000000000000        0.0000000000000000    -0.0000000000000000        0.0000000000000000    -0.0000000000000000
     0.0000000000000000    -0.0000000000000000       -0.0000000000000014     0.0000000000000000       -0.1987072105103657     0.0000000057905122
     0.0000000000000000    -0.0000000000000000       -0.1987072105103657     0.0000000057905122       -0.0000000000000010     0.0000000000000000
    1    3
     0.0000000000000000    -0.0000000000000000       -0.0000000000000000     0.0000000000000000       -0.0000000000000000     0.0000000000000000
    -0.0000000000000000     0.0000000000000000        0.0000000000000001    -0.0000000000000000        0.0111655308708956    -0.0000000003253739
    -0.0000000000000000     0.0000000000000000        0.0111655308708956    -0.0000000003253739        0.0000000000000001    -0.0000000000000000
    1    4
    -0.0000000000000000    -0.0000000000000000       -0.0000000000000000    -0.0000000000000000       -0.0000000000000000    -0.0000000000000000
    -0.0000000000000000     0.0000000000000000       -0.0000000000000000    -0.0000000000000000        0.0000000000000000     0.0000000000000000
    -0.0000000000000000    -0.0000000000000000        0.0000000000000000     0.0000000000000000        0.0000000000000000     0.0000000000000000
    1    5
    -0.0000000000000000     0.0000000000000000       -0.0000000000000000     0.0000000000000000        0.0000000000000000    -0.0000000000000000
    -0.0000000000000000     0.0000000000000000        0.0000000000000000    -0.0000000000000000       -0.0000000000000000     0.0000000000000000
     0.0000000000000000    -0.0000000000000000       -0.0000000000000000     0.0000000000000000       -0.0000000000000000     0.0000000000000000
    2    1
    -0.0000000000000000    -0.0000000000000000        0.0000000000000000     0.0000000000000000        0.0000000000000000     0.0000000000000000
     0.0000000000000000     0.0000000000000000       -0.0000000000000014    -0.0000000000000000       -0.1987072105103657    -0.0000000057905122
     0.0000000000000000     0.0000000000000000       -0.1987072105103657    -0.0000000057905122       -0.0000000000000010    -0.0000000000000000
    2    2
     0.0935371927958014     0.0000000000000000        0.0000000000000000     0.0000000000000000        0.0000000000000000     0.0000000000000000
     0.0000000000000000     0.0000000000000000        0.5415851289895015     0.0000000000000000        0.0000000000000033     0.0000000000000000
     0.0000000000000000     0.0000000000000000        0.0000000000000033     0.0000000000000000        0.5415851289895028     0.0000000000000000
    2    3
     0.0613940110496788    -0.0000000000000000        0.0000000000000000    -0.0000000000000000        0.0000000000000000    -0.0000000000000000
     0.0000000000000000    -0.0000000000000000       -0.1039091448480383     0.0000000000000000       -0.0000000000000006     0.0000000000000000
     0.0000000000000000    -0.0000000000000000       -0.0000000000000006     0.0000000000000000       -0.1039091448480386     0.0000000000000000
    2    4
     0.0000000000000000    -0.0000000000000000        0.0000000000000000    -0.0000000000000000       -0.0000000000000000    -0.0000000000000000
     0.0000000000000000    -0.0000000000000000       -0.0000000000000000    -0.0000000000000000       -0.0000000000000000    -0.0000000000000000
     0.0000000000000000    -0.0000000000000000       -0.0000000000000000    -0.0000000000000000        0.0000000000000000     0.0000000000000000
    2    5
     0.0000000000000000     0.0000000000000000        0.0000000000000000    -0.0000000000000000        0.0000000000000000     0.0000000000000000
     0.0000000000000000     0.0000000000000000        0.0000000000000000    -0.0000000000000000       -0.0000000000000000     0.0000000000000000
     0.0000000000000000    -0.0000000000000000       -0.0000000000000000    -0.0000000000000000       -0.0000000000000000     0.0000000000000000
    3    1
     0.0000000000000000     0.0000000000000000       -0.0000000000000000    -0.0000000000000000       -0.0000000000000000    -0.0000000000000000
    -0.0000000000000000    -0.0000000000000000        0.0000000000000001     0.0000000000000000        0.0111655308708956     0.0000000003253739
    -0.0000000000000000    -0.0000000000000000        0.0111655308708956     0.0000000003253739        0.0000000000000001     0.0000000000000000
    3    2
     0.0613940110496788     0.0000000000000000        0.0000000000000000     0.0000000000000000        0.0000000000000000     0.0000000000000000
     0.0000000000000000     0.0000000000000000       -0.1039091448480383    -0.0000000000000000       -0.0000000000000006    -0.0000000000000000
     0.0000000000000000     0.0000000000000000       -0.0000000000000006    -0.0000000000000000       -0.1039091448480386    -0.0000000000000000
    3    3
     0.1298896467148258     0.0000000000000000        0.0000000000000000     0.0000000000000000        0.0000000000000000     0.0000000000000000
     0.0000000000000000     0.0000000000000000        0.1328824816299028     0.0000000000000000        0.0000000000000008     0.0000000000000000
     0.0000000000000000     0.0000000000000000        0.0000000000000008     0.0000000000000000        0.1328824816299032     0.0000000000000000
    3    4
     0.0000000000000000     0.0000000000000000       -0.0000000000000000    -0.0000000000000000        0.0000000000000000    -0.0000000000000000
    -0.0000000000000000    -0.0000000000000000        0.0000000000000000     0.0000000000000000        0.0000000000000000     0.0000000000000000
    -0.0000000000000000     0.0000000000000000        0.0000000000000000     0.0000000000000000        0.0000000000000000     0.0000000000000000
    3    5
     0.0000000000000000     0.0000000000000000        0.0000000000000000     0.0000000000000000       -0.0000000000000000     0.0000000000000000
    -0.0000000000000000     0.0000000000000000        0.0000000000000000    -0.0000000000000000        0.0000000000000000    -0.0000000000000000
    -0.0000000000000000     0.0000000000000000       -0.0000000000000000    -0.0000000000000000        0.0000000000000000    -0.0000000000000000
    4    1
    -0.0000000000000000     0.0000000000000000       -0.0000000000000000    -0.0000000000000000       -0.0000000000000000     0.0000000000000000
     0.0000000000000000     0.0000000000000000       -0.0000000000000000     0.0000000000000000        0.0000000000000000    -0.0000000000000000
    -0.0000000000000000     0.0000000000000000        0.0000000000000000    -0.0000000000000000        0.0000000000000000    -0.0000000000000000
    4    2
     0.0000000000000000     0.0000000000000000        0.0000000000000000     0.0000000000000000        0.0000000000000000     0.0000000000000000
     0.0000000000000000     0.0000000000000000       -0.0000000000000000     0.0000000000000000       -0.0000000000000000     0.0000000000000000
    -0.0000000000000000     0.0000000000000000       -0.0000000000000000     0.0000000000000000        0.0000000000000000    -0.0000000000000000
    4    3
     0.0000000000000000    -0.0000000000000000       -0.0000000000000000     0.0000000000000000        0.0000000000000000    -0.0000000000000000
    -0.0000000000000000     0.0000000000000000        0.0000000000000000    -0.0000000000000000        0.0000000000000000    -0.0000000000000000
    -0.0000000000000000     0.0000000000000000        0.0000000000000000    -0.0000000000000000        0.0000000000000000    -0.0000000000000000
    4    4
     0.1455770269833244     0.0000000000000000        0.0000000000000000     0.0000000000000000        0.0000000000000000     0.0000000000000000
     0.0000000000000000     0.0000000000000000        0.3772097026836588     0.0000000000000000        0.0000000000000015     0.0000000000000000
     0.0000000000000000     0.0000000000000000        0.0000000000000015     0.0000000000000000        0.1518099489736044     0.0000000000000000
    4    5
     0.0000000000000000     0.0000000000000000       -0.0000000000000000    -0.0000000000000000       -0.0000000000000000    -0.0000000000000000
    -0.0000000000000000    -0.0000000000000000        0.0000000000000012     0.0000000000000000        0.2165722525559891     0.0000000126222320
    -0.0000000000000000    -0.0000000000000000        0.1032449990759634     0.0000000060173098        0.0000000000000008     0.0000000000000000
    5    1
    -0.0000000000000000    -0.0000000000000000       -0.0000000000000000    -0.0000000000000000        0.0000000000000000     0.0000000000000000
    -0.0000000000000000    -0.0000000000000000        0.0000000000000000     0.0000000000000000       -0.0000000000000000    -0.0000000000000000
    -0.0000000000000000     0.0000000000000000       -0.0000000000000000    -0.0000000000000000       -0.0000000000000000    -0.0000000000000000
    5    2
     0.0000000000000000    -0.0000000000000000        0.0000000000000000    -0.0000000000000000        0.0000000000000000     0.0000000000000000
     0.0000000000000000     0.0000000000000000        0.0000000000000000     0.0000000000000000       -0.0000000000000000     0.0000000000000000
     0.0000000000000000    -0.0000000000000000       -0.0000000000000000    -0.0000000000000000       -0.0000000000000000    -0.0000000000000000
    5    3
     0.0000000000000000    -0.0000000000000000       -0.0000000000000000    -0.0000000000000000       -0.0000000000000000    -0.0000000000000000
     0.0000000000000000    -0.0000000000000000        0.0000000000000000     0.0000000000000000       -0.0000000000000000     0.0000000000000000
    -0.0000000000000000    -0.0000000000000000        0.0000000000000000     0.0000000000000000        0.0000000000000000     0.0000000000000000
    5    4
     0.0000000000000000    -0.0000000000000000       -0.0000000000000000     0.0000000000000000       -0.0000000000000000     0.0000000000000000
    -0.0000000000000000     0.0000000000000000        0.0000000000000012    -0.0000000000000000        0.1032449990759634    -0.0000000060173098
    -0.0000000000000000     0.0000000000000000        0.2165722525559891    -0.0000000126222320        0.0000000000000008    -0.0000000000000000
    5    5
     0.1455770269833244     0.0000000000000000        0.0000000000000000     0.0000000000000000        0.0000000000000000     0.0000000000000000
     0.0000000000000000     0.0000000000000000        0.1518099489736040     0.0000000000000000        0.0000000000000017     0.0000000000000000
     0.0000000000000000     0.0000000000000000        0.0000000000000017     0.0000000000000000        0.3772097026836597     0.0000000000000000

     Dynamical Matrix in cartesian axes

     q = (     0.124495269738    -0.124495269738    -0.000000000000 )

    1    1
     0.2046544232295879     0.0000000000000000        0.0000000000000000     0.0000000000000000        0.0000000000000000     0.0000000000000000
     0.0000000000000000     0.0000000000000000        0.2046544232295883     0.0000000000000000        0.0000000000000009     0.0000000000000000
     0.0000000000000000     0.0000000000000000        0.0000000000000009     0.0000000000000000        0.1156382108082578     0.0000000000000000
    1    2
     0.0000000000000000    -0.0000000000000000       -0.1987072105103652     0.0000000057905122       -0.0000000000000005     0.0000000000000000
    -0.1987072105103652     0.0000000057905122       -0.0000000000000000     0.0000000000000000       -0.0000000000000000     0.0000000000000000
    -0.0000000000000005     0.0000000000000000       -0.0000000000000000     0.0000000000000000       -0.0000000000000000     0.0000000000000000
    1    3
    -0.0000000000000000     0.0000000000000000       -0.0000000000000000     0.0000000000000000       -0.0000000000000000     0.0000000000000000
    -0.0000000000000000     0.0000000000000000        0.0000000000000000    -0.0000000000000000        0.0000000000000000    -0.0000000000000000
    -0.0000000000000000    -0.0000000000000000       -0.0000000000000000    -0.0000000000000000       -0.0000000000000000     0.0000000000000000
    1    4
     0.0000000000000000     0.0000000000000000        0.0000000000000000     0.0000000000000000        0.0000000000000000     0.0000000000000000
     0.0000000000000000     0.0000000000000000       -0.0000000000000000    -0.0000000000000000        0.0000000000000000    -0.0000000000000000
     0.0000000000000000     0.0000000000000000        0.0000000000000000    -0.0000000000000000       -0.0000000000000000    -0.0000000000000000
    1    5
    -0.0000000000000000     0.0000000000000000        0.0111655308708955    -0.0000000003253739        0.0000000000000000    -0.0000000000000000
     0.0111655308708955    -0.0000000003253739        0.0000000000000000    -0.0000000000000000        0.0000000000000000    -0.0000000000000000
     0.0000000000000000    -0.0000000000000000        0.0000000000000000    -0.0000000000000000        0.0000000000000000    -0.0000000000000000
    2    1
     0.0000000000000000     0.0000000000000000       -0.1987072105103652    -0.0000000057905122       -0.0000000000000005    -0.0000000000000000
    -0.1987072105103652    -0.0000000057905122       -0.0000000000000000    -0.0000000000000000       -0.0000000000000000    -0.0000000000000000
    -0.0000000000000005    -0.0000000000000000       -0.0000000000000000    -0.0000000000000000       -0.0000000000000000    -0.0000000000000000
    2    2
     0.5415851289895002     0.0000000000000000        0.0000000000000000     0.0000000000000000        0.0000000000000001     0.0000000000000000
     0.0000000000000000     0.0000000000000000        0.5415851289895015     0.0000000000000000        0.0000000000000017     0.0000000000000000
     0.0000000000000001     0.0000000000000000        0.0000000000000017     0.0000000000000000        0.0935371927958019     0.0000000000000000
    2    3
    -0.0000000000000000     0.0000000000000000        0.0000000000000000     0.0000000000000000       -0.0000000000000000     0.0000000000000000
     0.0000000000000000     0.0000000000000000        0.0000000000000000    -0.0000000000000000       -0.0000000000000000     0.0000000000000000
    -0.0000000000000000     0.0000000000000000       -0.0000000000000000     0.0000000000000000        0.0000000000000000     0.0000000000000000
    2    4
     0.0000000000000000     0.0000000000000000        0.0000000000000000     0.0000000000000000       -0.0000000000000000     0.0000000000000000
     0.0000000000000000     0.0000000000000000       -0.0000000000000000    -0.0000000000000000       -0.0000000000000000    -0.0000000000000000
    -0.0000000000000000     0.0000000000000000       -0.0000000000000000    -0.0000000000000000        0.0000000000000000    -0.0000000000000000
    2    5
    -0.1039091448480381     0.0000000000000000       -0.0000000000000000     0.0000000000000000       -0.0000000000000000     0.0000000000000000
    -0.0000000000000000     0.0000000000000000       -0.1039091448480383     0.0000000000000000       -0.0000000000000000     0.0000000000000000
    -0.0000000000000000     0.0000000000000000       -0.0000000000000000     0.0000000000000000        0.0613940110496791    -0.0000000000000000
    3    1
    -0.0000000000000000    -0.0000000000000000       -0.0000000000000000    -0.0000000000000000        0.0000000000000000     0.0000000000000000
    -0.0000000000000000    -0.0000000000000000        0.0000000000000000     0.0000000000000000       -0.0000000000000000     0.0000000000000000
    -0.0000000000000000    -0.0000000000000000        0.0000000000000000     0.0000000000000000       -0.0000000000000000    -0.0000000000000000
    3    2
    -0.0000000000000000    -0.0000000000000000       -0.0000000000000000    -0.0000000000000000       -0.0000000000000000    -0.0000000000000000
     0.0000000000000000    -0.0000000000000000        0.0000000000000000     0.0000000000000000        0.0000000000000000    -0.0000000000000000
    -0.0000000000000000    -0.0000000000000000        0.0000000000000000    -0.0000000000000000        0.0000000000000000    -0.0000000000000000
    3    3
     0.3772097026836579     0.0000000000000000        0.0000000000000000     0.0000000000000000        0.0000000000000000     0.0000000000000000
     0.0000000000000000     0.0000000000000000        0.1518099489736040     0.0000000000000000        0.0000000000000009     0.0000000000000000
     0.0000000000000000     0.0000000000000000        0.0000000000000009     0.0000000000000000        0.1455770269833251     0.0000000000000000
    3    4
    -0.0000000000000000     0.0000000000000000        0.2165722525559886    -0.0000000126222322        0.0000000000000005    -0.0000000000000000
     0.1032449990759632    -0.0000000060173099        0.0000000000000000    -0.0000000000000000        0.0000000000000000    -0.0000000000000000
     0.0000000000000003    -0.0000000000000000        0.0000000000000000    -0.0000000000000000        0.0000000000000000    -0.0000000000000000
    3    5
     0.0000000000000000     0.0000000000000000        0.0000000000000000     0.0000000000000000        0.0000000000000000     0.0000000000000000
     0.0000000000000000     0.0000000000000000        0.0000000000000000     0.0000000000000000       -0.0000000000000000     0.0000000000000000
     0.0000000000000000     0.0000000000000000       -0.0000000000000000    -0.0000000000000000        0.0000000000000000    -0.0000000000000000
    4    1
     0.0000000000000000    -0.0000000000000000        0.0000000000000000    -0.0000000000000000        0.0000000000000000    -0.0000000000000000
     0.0000000000000000    -0.0000000000000000       -0.0000000000000000     0.0000000000000000       -0.0000000000000000     0.0000000000000000
     0.0000000000000000    -0.0000000000000000        0.0000000000000000     0.0000000000000000       -0.0000000000000000     0.0000000000000000
    4    2
     0.0000000000000000    -0.0000000000000000        0.0000000000000000    -0.0000000000000000        0.0000000000000000    -0.0000000000000000
     0.0000000000000000    -0.0000000000000000       -0.0000000000000000     0.0000000000000000       -0.0000000000000000     0.0000000000000000
    -0.0000000000000000    -0.0000000000000000       -0.0000000000000000     0.0000000000000000        0.0000000000000000     0.0000000000000000
    4    3
    -0.0000000000000000    -0.0000000000000000        0.1032449990759632     0.0000000060173099        0.0000000000000003     0.0000000000000000
     0.2165722525559886     0.0000000126222322        0.0000000000000000     0.0000000000000000        0.0000000000000000     0.0000000000000000
     0.0000000000000005     0.0000000000000000        0.0000000000000000     0.0000000000000000        0.0000000000000000     0.0000000000000000
    4    4
     0.1518099489736037     0.0000000000000000        0.0000000000000000     0.0000000000000000        0.0000000000000000     0.0000000000000000
     0.0000000000000000     0.0000000000000000        0.3772097026836588     0.0000000000000000        0.0000000000000015     0.0000000000000000
     0.0000000000000000     0.0000000000000000        0.0000000000000015     0.0000000000000000        0.1455770269833251     0.0000000000000000
    4    5
     0.0000000000000000    -0.0000000000000000       -0.0000000000000000     0.0000000000000000        0.0000000000000000     0.0000000000000000
    -0.0000000000000000     0.0000000000000000        0.0000000000000000    -0.0000000000000000        0.0000000000000000    -0.0000000000000000
     0.0000000000000000    -0.0000000000000000        0.0000000000000000    -0.0000000000000000        0.0000000000000000     0.0000000000000000
    5    1
    -0.0000000000000000    -0.0000000000000000        0.0111655308708955     0.0000000003253739        0.0000000000000000     0.0000000000000000
     0.0111655308708955     0.0000000003253739        0.0000000000000000     0.0000000000000000        0.0000000000000000     0.0000000000000000
     0.0000000000000000     0.0000000000000000        0.0000000000000000     0.0000000000000000        0.0000000000000000     0.0000000000000000
    5    2
    -0.1039091448480381    -0.0000000000000000       -0.0000000000000000    -0.0000000000000000       -0.0000000000000000    -0.0000000000000000
    -0.0000000000000000    -0.0000000000000000       -0.1039091448480383    -0.0000000000000000       -0.0000000000000000    -0.0000000000000000
    -0.0000000000000000    -0.0000000000000000       -0.0000000000000000    -0.0000000000000000        0.0613940110496791     0.0000000000000000
    5    3
     0.0000000000000000    -0.0000000000000000        0.0000000000000000    -0.0000000000000000        0.0000000000000000    -0.0000000000000000
     0.0000000000000000    -0.0000000000000000        0.0000000000000000    -0.0000000000000000       -0.0000000000000000     0.0000000000000000
     0.0000000000000000    -0.0000000000000000       -0.0000000000000000    -0.0000000000000000        0.0000000000000000     0.0000000000000000
    5    4
     0.0000000000000000     0.0000000000000000       -0.0000000000000000    -0.0000000000000000        0.0000000000000000     0.0000000000000000
    -0.0000000000000000    -0.0000000000000000        0.0000000000000000     0.0000000000000000        0.0000000000000000     0.0000000000000000
    -0.0000000000000000    -0.0000000000000000        0.0000000000000000     0.0000000000000000        0.0000000000000000    -0.0000000000000000
    5    5
     0.1328824816299025     0.0000000000000000        0.0000000000000000     0.0000000000000000        0.0000000000000000     0.0000000000000000
     0.0000000000000000     0.0000000000000000        0.1328824816299028     0.0000000000000000        0.0000000000000008     0.0000000000000000
     0.0000000000000000     0.0000000000000000        0.0000000000000008     0.0000000000000000        0.1298896467148264     0.0000000000000000

     Diagonalizing the dynamical matrix

     q = (    -0.124495269738    -0.000000000000    -0.124495269738 )

***************************************************************************
   freq (    1) =     3.16215337 [THz] =   105.47806753 [cm-1]
(  -0.000000  0.000000  -1.000000 -0.000000   0.000000  0.000000 )
(   0.000000  0.000000   0.000000 -0.000000  -0.000000  0.000000 )
(   0.000000  0.000000  -0.000000 -0.000000   0.000000 -0.000000 )
(   0.000000  0.000000   0.000000  0.000000  -0.000000  0.000000 )
(  -0.000000  0.000000   0.000000  0.000000  -0.000000 -0.000000 )
   freq (    2) =     3.17520700 [THz] =   105.91348993 [cm-1]
(  -0.869001  0.000000   0.000000  0.000000   0.101121  0.000000 )
(   0.046560 -0.000000   0.000000 -0.000000  -0.400121  0.000000 )
(   0.000000 -0.000000  -0.000000 -0.000000  -0.000000  0.000000 )
(   0.031089 -0.000000  -0.000000  0.000000  -0.267172  0.000000 )
(   0.000000 -0.000000   0.000000 -0.000000  -0.000000  0.000000 )
   freq (    3) =     3.17520700 [THz] =   105.91348993 [cm-1]
(  -0.101121  0.000000  -0.000000 -0.000000  -0.869001 -0.000000 )
(  -0.400121  0.000000   0.000000 -0.000000  -0.046560  0.000000 )
(  -0.000000 -0.000000   0.000000  0.000000   0.000000 -0.000000 )
(  -0.267172  0.000000  -0.000000  0.000000  -0.031089  0.000000 )
(  -0.000000  0.000000  -0.000000  0.000000   0.000000 -0.000000 )
   freq (    4) =     3.83527515 [THz] =   127.93099012 [cm-1]
(   0.000000  0.000000  -0.000000  0.000000   0.000000  0.000000 )
(  -0.000000  0.000000   0.873337 -0.000000  -0.000000  0.000000 )
(  -0.000000 -0.000000   0.000000  0.000000   0.000000 -0.000000 )
(   0.000000  0.000000  -0.487117  0.000000   0.000000 -0.000000 )
(  -0.000000  0.000000  -0.000000  0.000000   0.000000  0.000000 )
   freq (    5) =     6.00378688 [THz] =   200.26474518 [cm-1]
(   0.000000  0.000000   0.000000  0.000000   0.000000  0.000000 )
(   0.000000 -0.000000  -0.000000  0.000000   0.000000 -0.000000 )
(  -0.000000  0.000000  -0.000000  0.000000   0.707107 -0.000000 )
(   0.000000 -0.000000   0.000000 -0.000000  -0.000000  0.000000 )
(  -0.707107  0.000000   0.000000 -0.000000   0.000000  0.000000 )
   freq (    6) =     8.46478144 [THz] =   282.35467572 [cm-1]
(  -0.001658  0.000000   0.000000  0.000000   0.085253  0.000000 )
(  -0.320709  0.000000  -0.000000  0.000000   0.006238 -0.000000 )
(   0.000000 -0.000000   0.000000  0.000000   0.000000 -0.000000 )
(  -0.943133  0.000000  -0.000000  0.000000   0.018346 -0.000000 )
(  -0.000000  0.000000  -0.000000 -0.000000   0.000000  0.000000 )
   freq (    7) =     8.46478144 [THz] =   282.35467572 [cm-1]
(   0.085253  0.000000   0.000000  0.000000   0.001658  0.000000 )
(  -0.006238  0.000000   0.000000 -0.000000  -0.320709  0.000000 )
(   0.000000 -0.000000   0.000000  0.000000   0.000000 -0.000000 )
(  -0.018346  0.000000   0.000000 -0.000000  -0.943133  0.000000 )
(  -0.000000  0.000000  -0.000000 -0.000000   0.000000  0.000000 )
   freq (    8) =    10.24209639 [THz] =   341.63951264 [cm-1]
(  -0.000000  0.000000   0.000000  0.000000  -0.000000 -0.000000 )
(   0.000000 -0.000000   0.183269 -0.000000   0.000000 -0.000000 )
(   0.000000  0.000000   0.000000  0.000000   0.000000 -0.000000 )
(  -0.000000 -0.000000   0.983063 -0.000000   0.000000 -0.000000 )
(  -0.000000  0.000000  -0.000000 -0.000000  -0.000000  0.000000 )
   freq (    9) =    10.39465831 [THz] =   346.72842974 [cm-1]
(   0.000000  0.000000   0.000000  0.000000  -0.000000 -0.000000 )
(  -0.000000 -0.000000   0.000000  0.000000  -0.000000 -0.000000 )
(   0.000000  0.000000  -0.000000 -0.000000  -0.000000 -0.000000 )
(  -0.000000 -0.000000  -0.000000 -0.000000   0.000000  0.000000 )
(  -0.000000 -0.000000   1.000000  0.000000  -0.000000 -0.000000 )
   freq (   10) =    10.39465831 [THz] =   346.72842974 [cm-1]
(   0.000000  0.000000  -0.000000 -0.000000  -0.000000  0.000000 )
(   0.000000  0.000000  -0.000000  0.000000   0.000000 -0.000000 )
(   0.000000 -0.000000   1.000000  0.000000  -0.000000 -0.000000 )
(   0.000000  0.000000   0.000000  0.000000  -0.000000  0.000000 )
(  -0.000000 -0.000000   0.000000  0.000000  -0.000000  0.000000 )
   freq (   11) =    10.91910886 [THz] =   364.22221461 [cm-1]
(   0.000000  0.000000  -0.000000 -0.000000   0.000000  0.000000 )
(   0.000000 -0.000000  -0.000000  0.000000   0.000000 -0.000000 )
(  -0.707107 -0.000000   0.000000  0.000000  -0.000000  0.000000 )
(  -0.000000 -0.000000   0.000000 -0.000000  -0.000000  0.000000 )
(   0.000000 -0.000000   0.000000  0.000000   0.707107  0.000000 )
   freq (   12) =    12.99780589 [THz] =   433.56007421 [cm-1]
(   0.002728  0.000000  -0.000000  0.000000  -0.080437  0.000000 )
(   0.666441 -0.000000  -0.000000 -0.000000  -0.022600  0.000000 )
(   0.000000  0.000000   0.000000  0.000000   0.000000 -0.000000 )
(  -0.740431  0.000000  -0.000000  0.000000   0.025109 -0.000000 )
(  -0.000000  0.000000  -0.000000 -0.000000  -0.000000 -0.000000 )
   freq (   13) =    12.99780589 [THz] =   433.56007421 [cm-1]
(  -0.080437  0.000000  -0.000000 -0.000000  -0.002728  0.000000 )
(   0.022600 -0.000000   0.000000 -0.000000   0.666441 -0.000000 )
(   0.000000  0.000000   0.000000  0.000000   0.000000 -0.000000 )
(  -0.025109  0.000000  -0.000000  0.000000  -0.740431  0.000000 )
(  -0.000000  0.000000  -0.000000 -0.000000  -0.000000 -0.000000 )
   freq (   14) =    13.75880361 [THz] =   458.94422189 [cm-1]
(   0.000000  0.000000  -0.000000 -0.000000  -0.000000 -0.000000 )
(  -0.000000  0.000000   0.000000 -0.000000  -0.000000  0.000000 )
(   0.000000 -0.000000  -0.000000  0.000000  -0.707107  0.000000 )
(  -0.000000  0.000000  -0.000000  0.000000  -0.000000 -0.000000 )
(  -0.707107  0.000000   0.000000  0.000000   0.000000 -0.000000 )
   freq (   15) =    20.99313471 [THz] =   700.25549837 [cm-1]
(   0.000000  0.000000   0.000000  0.000000   0.000000  0.000000 )
(   0.000000 -0.000000  -0.000000  0.000000   0.000000 -0.000000 )
(  -0.707107 -0.000000   0.000000  0.000000  -0.000000 -0.000000 )
(  -0.000000 -0.000000   0.000000 -0.000000  -0.000000  0.000000 )
(  -0.000000  0.000000  -0.000000 -0.000000  -0.707107 -0.000000 )
***************************************************************************
