Dynamical matrix file
File generated with the CellConstructor by Lorenzo Monacelli
3 5 0     1.8897259890000000     0.0000000000000000     0.0000000000000000     0.0000000000000000     0.0000000000000000     0.0000000000000000
Basis vectors
    4.0162168494695329     0.0000000000000000     0.0000000000000001
   -0.0000000000000002     4.0162168494695285    -0.0000000000000146
   -0.0000000000000005    -0.0000000000000098     4.0162168494695232
	1  'Ba '  125165.9077335107867839
	2  'Ti '  43628.1030349454958923
	3  'O '  14582.1969301625977096
    1     1     0.0000000000000005    -0.0000000000000003    -0.0000000000000000
    2     2     2.0081084247347665     2.0081084247347594     2.0081084247347545
    3     3     0.0000000000000001     2.0081084247347594     2.0081084247347545
    4     3     2.0081084247347665    -0.0000000000000058     2.0081084247347611
    5     3     2.0081084247347669     2.0081084247347638    -0.0000000000000072

     Dynamical Matrix in cartesian axes

     q = (     0.000000000000     0.000000000000     0.000000000000 )

    1    1
     0.1228381664507028     0.0000000000000000        0.0000000000000000     0.0000000000000000        0.0000000000000000     0.0000000000000000
     0.0000000000000000     0.0000000000000000        0.1228381664507030     0.0000000000000000        0.0000000000000007     0.0000000000000000
     0.0000000000000000     0.0000000000000000        0.0000000000000007     0.0000000000000000        0.1228381664507033     0.0000000000000000
    1    2
    -0.0585457181338537     0.0000000000000000       -0.0000000000000000     0.0000000000000000       -0.0000000000000000     0.0000000000000000
    -0.0000000000000000     0.0000000000000000       -0.0585457181338538     0.0000000000000000       -0.0000000000000004     0.0000000000000000
    -0.0000000000000000     0.0000000000000000       -0.0000000000000004     0.0000000000000000       -0.0585457181338540     0.0000000000000000
    1    3
    -0.0268327112458651     0.0000000000000000       -0.0000000000000000     0.0000000000000000       -0.0000000000000000     0.0000000000000000
    -0.0000000000000000     0.0000000000000000       -0.0187298685354920     0.0000000000000000       -0.0000000000000001     0.0000000000000000
    -0.0000000000000000     0.0000000000000000       -0.0000000000000001     0.0000000000000000       -0.0187298685354921     0.0000000000000000
    1    4
    -0.0187298685354920     0.0000000000000000       -0.0000000000000000     0.0000000000000000       -0.0000000000000000     0.0000000000000000
    -0.0000000000000000     0.0000000000000000       -0.0268327112458652     0.0000000000000000       -0.0000000000000001     0.0000000000000000
    -0.0000000000000000     0.0000000000000000       -0.0000000000000001     0.0000000000000000       -0.0187298685354921     0.0000000000000000
    1    5
    -0.0187298685354920     0.0000000000000000       -0.0000000000000000     0.0000000000000000       -0.0000000000000000     0.0000000000000000
    -0.0000000000000000     0.0000000000000000       -0.0187298685354920     0.0000000000000000       -0.0000000000000001     0.0000000000000000
    -0.0000000000000000     0.0000000000000000       -0.0000000000000001     0.0000000000000000       -0.0268327112458653     0.0000000000000000
    2    1
    -0.0585457181338537     0.0000000000000000       -0.0000000000000000     0.0000000000000000       -0.0000000000000000     0.0000000000000000
    -0.0000000000000000     0.0000000000000000       -0.0585457181338538     0.0000000000000000       -0.0000000000000004     0.0000000000000000
    -0.0000000000000000     0.0000000000000000       -0.0000000000000004     0.0000000000000000       -0.0585457181338540     0.0000000000000000
    2    2
     0.1080784148488703     0.0000000000000000        0.0000000000000000     0.0000000000000000        0.0000000000000000     0.0000000000000000
     0.0000000000000000     0.0000000000000000        0.1080784148488705     0.0000000000000000        0.0000000000000007     0.0000000000000000
     0.0000000000000000     0.0000000000000000        0.0000000000000007     0.0000000000000000        0.1080784148488708     0.0000000000000000
    2    3
     0.0348431417412300     0.0000000000000000        0.0000000000000000     0.0000000000000000        0.0000000000000000     0.0000000000000000
     0.0000000000000000     0.0000000000000000       -0.0421879192281234     0.0000000000000000       -0.0000000000000003     0.0000000000000000
     0.0000000000000000     0.0000000000000000       -0.0000000000000003     0.0000000000000000       -0.0421879192281235     0.0000000000000000
    2    4
    -0.0421879192281233     0.0000000000000000       -0.0000000000000000     0.0000000000000000       -0.0000000000000000     0.0000000000000000
    -0.0000000000000000     0.0000000000000000        0.0348431417412301     0.0000000000000000       -0.0000000000000001     0.0000000000000000
    -0.0000000000000000     0.0000000000000000       -0.0000000000000001     0.0000000000000000       -0.0421879192281235     0.0000000000000000
    2    5
    -0.0421879192281233     0.0000000000000000       -0.0000000000000000     0.0000000000000000       -0.0000000000000000     0.0000000000000000
    -0.0000000000000000     0.0000000000000000       -0.0421879192281234     0.0000000000000000        0.0000000000000000     0.0000000000000000
    -0.0000000000000000     0.0000000000000000        0.0000000000000000     0.0000000000000000        0.0348431417412302     0.0000000000000000
    3    1
    -0.0268327112458651     0.0000000000000000       -0.0000000000000000     0.0000000000000000       -0.0000000000000000     0.0000000000000000
    -0.0000000000000000     0.0000000000000000       -0.0187298685354920     0.0000000000000000       -0.0000000000000001     0.0000000000000000
    -0.0000000000000000     0.0000000000000000       -0.0000000000000001     0.0000000000000000       -0.0187298685354921     0.0000000000000000
    3    2
     0.0348431417412300     0.0000000000000000        0.0000000000000000     0.0000000000000000        0.0000000000000000     0.0000000000000000
     0.0000000000000000     0.0000000000000000       -0.0421879192281234     0.0000000000000000       -0.0000000000000003     0.0000000000000000
     0.0000000000000000     0.0000000000000000       -0.0000000000000003     0.0000000000000000       -0.0421879192281235     0.0000000000000000
    3    3
     0.1389894850000763     0.0000000000000000        0.0000000000000000     0.0000000000000000        0.0000000000000000     0.0000000000000000
     0.0000000000000000     0.0000000000000000        0.1159335732092663     0.0000000000000000        0.0000000000000007     0.0000000000000000
     0.0000000000000000     0.0000000000000000        0.0000000000000007     0.0000000000000000        0.1159335732092666     0.0000000000000000
    3    4
    -0.0734999577477205     0.0000000000000000       -0.0000000000000000     0.0000000000000000       -0.0000000000000000     0.0000000000000000
    -0.0000000000000000     0.0000000000000000       -0.0734999577477206     0.0000000000000000       -0.0000000000000001     0.0000000000000000
    -0.0000000000000000     0.0000000000000000       -0.0000000000000001     0.0000000000000000        0.0184841723020698     0.0000000000000000
    3    5
    -0.0734999577477205     0.0000000000000000       -0.0000000000000000     0.0000000000000000       -0.0000000000000000     0.0000000000000000
    -0.0000000000000000     0.0000000000000000        0.0184841723020697     0.0000000000000000       -0.0000000000000002     0.0000000000000000
    -0.0000000000000000     0.0000000000000000       -0.0000000000000002     0.0000000000000000       -0.0734999577477208     0.0000000000000000
    4    1
    -0.0187298685354920     0.0000000000000000       -0.0000000000000000     0.0000000000000000       -0.0000000000000000     0.0000000000000000
    -0.0000000000000000     0.0000000000000000       -0.0268327112458652     0.0000000000000000       -0.0000000000000001     0.0000000000000000
    -0.0000000000000000     0.0000000000000000       -0.0000000000000001     0.0000000000000000       -0.0187298685354921     0.0000000000000000
    4    2
    -0.0421879192281233     0.0000000000000000       -0.0000000000000000     0.0000000000000000       -0.0000000000000000     0.0000000000000000
    -0.0000000000000000     0.0000000000000000        0.0348431417412301     0.0000000000000000       -0.0000000000000001     0.0000000000000000
    -0.0000000000000000     0.0000000000000000       -0.0000000000000001     0.0000000000000000       -0.0421879192281235     0.0000000000000000
    4    3
    -0.0734999577477205     0.0000000000000000       -0.0000000000000000     0.0000000000000000       -0.0000000000000000     0.0000000000000000
    -0.0000000000000000     0.0000000000000000       -0.0734999577477206     0.0000000000000000       -0.0000000000000001     0.0000000000000000
    -0.0000000000000000     0.0000000000000000       -0.0000000000000001     0.0000000000000000        0.0184841723020698     0.0000000000000000
    4    4
     0.1159335732092661     0.0000000000000000        0.0000000000000000     0.0000000000000000        0.0000000000000000     0.0000000000000000
     0.0000000000000000     0.0000000000000000        0.1389894850000767     0.0000000000000000        0.0000000000000008     0.0000000000000000
     0.0000000000000000     0.0000000000000000        0.0000000000000008     0.0000000000000000        0.1159335732092666     0.0000000000000000
    4    5
     0.0184841723020697     0.0000000000000000        0.0000000000000000     0.0000000000000000        0.0000000000000000     0.0000000000000000
     0.0000000000000000     0.0000000000000000       -0.0734999577477206     0.0000000000000000       -0.0000000000000004     0.0000000000000000
     0.0000000000000000     0.0000000000000000       -0.0000000000000004     0.0000000000000000       -0.0734999577477208     0.0000000000000000
    5    1
    -0.0187298685354920     0.0000000000000000       -0.0000000000000000     0.0000000000000000       -0.0000000000000000     0.0000000000000000
    -0.0000000000000000     0.0000000000000000       -0.0187298685354920     0.0000000000000000       -0.0000000000000001     0.0000000000000000
    -0.0000000000000000     0.0000000000000000       -0.0000000000000001     0.0000000000000000       -0.0268327112458653     0.0000000000000000
    5    2
    -0.0421879192281233     0.0000000000000000       -0.0000000000000000     0.0000000000000000       -0.0000000000000000     0.0000000000000000
    -0.0000000000000000     0.0000000000000000       -0.0421879192281234     0.0000000000000000        0.0000000000000000     0.0000000000000000
    -0.0000000000000000     0.0000000000000000        0.0000000000000000     0.0000000000000000        0.0348431417412302     0.0000000000000000
    5    3
    -0.0734999577477205     0.0000000000000000       -0.0000000000000000     0.0000000000000000       -0.0000000000000000     0.0000000000000000
    -0.0000000000000000     0.0000000000000000        0.0184841723020697     0.0000000000000000       -0.0000000000000002     0.0000000000000000
    -0.0000000000000000     0.0000000000000000       -0.0000000000000002     0.0000000000000000       -0.0734999577477208     0.0000000000000000
    5    4
     0.0184841723020697     0.0000000000000000        0.0000000000000000     0.0000000000000000        0.0000000000000000     0.0000000000000000
     0.0000000000000000     0.0000000000000000       -0.0734999577477206     0.0000000000000000       -0.0000000000000004     0.0000000000000000
     0.0000000000000000     0.0000000000000000       -0.0000000000000004     0.0000000000000000       -0.0734999577477208     0.0000000000000000
    5    5
     0.1159335732092661     0.0000000000000000        0.0000000000000000     0.0000000000000000        0.0000000000000000     0.0000000000000000
     0.0000000000000000     0.0000000000000000        0.1159335732092663     0.0000000000000000        0.0000000000000008     0.0000000000000000
     0.0000000000000000     0.0000000000000000        0.0000000000000008     0.0000000000000000        0.1389894850000770     0.0000000000000000

     Diagonalizing the dynamical matrix

     q = (     0.000000000000     0.000000000000     0.000000000000 )

***************************************************************************
   freq (    1) =     0.00000011 [THz] =     0.00000375 [cm-1]
(   0.447129  0.000000   0.005096  0.000000   0.007054  0.000000 )
(   0.447129  0.000000   0.005096  0.000000   0.007054  0.000000 )
(   0.447129  0.000000   0.005096  0.000000   0.007054  0.000000 )
(   0.447129  0.000000   0.005096  0.000000   0.007054  0.000000 )
(   0.447129  0.000000   0.005096  0.000000   0.007054  0.000000 )
   freq (    2) =     0.00000018 [THz] =     0.00000611 [cm-1]
(  -0.000214  0.000000  -0.355977  0.000000   0.270704  0.000000 )
(  -0.000214  0.000000  -0.355977  0.000000   0.270704  0.000000 )
(  -0.000214  0.000000  -0.355977  0.000000   0.270704  0.000000 )
(  -0.000214  0.000000  -0.355977  0.000000   0.270704  0.000000 )
(  -0.000214  0.000000  -0.355977  0.000000   0.270704  0.000000 )
   freq (    3) =     0.00000021 [THz] =     0.00000706 [cm-1]
(   0.008699  0.000000  -0.270656  0.000000  -0.355907  0.000000 )
(   0.008699  0.000000  -0.270656  0.000000  -0.355907  0.000000 )
(   0.008699  0.000000  -0.270656  0.000000  -0.355907  0.000000 )
(   0.008699  0.000000  -0.270656  0.000000  -0.355907  0.000000 )
(   0.008699  0.000000  -0.270656  0.000000  -0.355907  0.000000 )
   freq (    4) =     5.03738010 [THz] =   168.02888959 [cm-1]
(   0.365345  0.000000  -0.008132  0.000000  -0.010587  0.000000 )
(  -0.709019  0.000000   0.015781  0.000000   0.020545  0.000000 )
(  -0.224721  0.000000   0.008791  0.000000   0.011445  0.000000 )
(  -0.394957  0.000000   0.005002  0.000000   0.011445  0.000000 )
(  -0.394957  0.000000   0.008791  0.000000   0.006512  0.000000 )
   freq (    5) =     5.03738010 [THz] =   168.02888959 [cm-1]
(   0.000104  0.000000  -0.288181  0.000000   0.224960  0.000000 )
(  -0.000203  0.000000   0.559268  0.000000  -0.436575  0.000000 )
(  -0.000064  0.000000   0.311539  0.000000  -0.243193  0.000000 )
(  -0.000113  0.000000   0.177258  0.000000  -0.243193  0.000000 )
(  -0.000113  0.000000   0.311539  0.000000  -0.138371  0.000000 )
   freq (    6) =     5.03738010 [THz] =   168.02888959 [cm-1]
(   0.013349  0.000000   0.224813  0.000000   0.287987  0.000000 )
(  -0.025906  0.000000  -0.436290  0.000000  -0.558891  0.000000 )
(  -0.008211  0.000000  -0.243034  0.000000  -0.311328  0.000000 )
(  -0.014431  0.000000  -0.138281  0.000000  -0.311328  0.000000 )
(  -0.014431  0.000000  -0.243034  0.000000  -0.177138  0.000000 )
   freq (    7) =     5.57857174 [THz] =   186.08109696 [cm-1]
(  -0.003099  0.000000  -0.054235  0.000000   0.039064  0.000000 )
(  -0.015373  0.000000  -0.269068  0.000000   0.193803  0.000000 )
(   0.033935  0.000000   0.338294  0.000000  -0.243664  0.000000 )
(   0.019328  0.000000   0.593953  0.000000  -0.243664  0.000000 )
(   0.019328  0.000000   0.338294  0.000000  -0.427808  0.000000 )
   freq (    8) =     5.57857174 [THz] =   186.08109696 [cm-1]
(   0.066838  0.000000  -0.002366  0.000000   0.002017  0.000000 )
(   0.331596  0.000000  -0.011739  0.000000   0.010005  0.000000 )
(  -0.731978  0.000000   0.014760  0.000000  -0.012579  0.000000 )
(  -0.416909  0.000000   0.025914  0.000000  -0.012579  0.000000 )
(  -0.416909  0.000000   0.014760  0.000000  -0.022085  0.000000 )
   freq (    9) =     5.57857174 [THz] =   186.08109696 [cm-1]
(   0.000253  0.000000  -0.039115  0.000000  -0.054286  0.000000 )
(   0.001256  0.000000  -0.194057  0.000000  -0.269321  0.000000 )
(  -0.002772  0.000000   0.243984  0.000000   0.338612  0.000000 )
(  -0.001579  0.000000   0.428369  0.000000   0.338612  0.000000 )
(  -0.001579  0.000000   0.243984  0.000000   0.594512  0.000000 )
   freq (   10) =     8.50459000 [THz] =   283.68254640 [cm-1]
(  -0.000000  0.000000  -0.000000  0.000000   0.000000  0.000000 )
(  -0.000000  0.000000  -0.000000  0.000000   0.000000  0.000000 )
(   0.000000  0.000000   0.527219  0.000000  -0.357534  0.000000 )
(  -0.306936  0.000000  -0.000000  0.000000   0.357534  0.000000 )
(   0.306936  0.000000  -0.527219  0.000000   0.000000  0.000000 )
   freq (   11) =     8.50459000 [THz] =   283.68254640 [cm-1]
(   0.000000  0.000000  -0.000000  0.000000   0.000000  0.000000 )
(  -0.000000  0.000000   0.000000  0.000000  -0.000000  0.000000 )
(  -0.000000  0.000000  -0.264909  0.000000   0.156023  0.000000 )
(  -0.636773  0.000000   0.000000  0.000000  -0.156023  0.000000 )
(   0.636773  0.000000   0.264909  0.000000  -0.000000  0.000000 )
   freq (   12) =     8.50459000 [THz] =   283.68254640 [cm-1]
(   0.000000  0.000000  -0.000000  0.000000   0.000000  0.000000 )
(  -0.000000  0.000000   0.000000  0.000000   0.000000  0.000000 )
(  -0.000000  0.000000   0.389697  0.000000   0.589768  0.000000 )
(  -0.017615  0.000000   0.000000  0.000000  -0.589768  0.000000 )
(   0.017615  0.000000  -0.389697  0.000000   0.000000  0.000000 )
   freq (   13) =    13.55963527 [THz] =   452.30068226 [cm-1]
(  -0.000567  0.000000  -0.002569  0.000000  -0.001897  0.000000 )
(   0.018404  0.000000   0.083318  0.000000   0.061531  0.000000 )
(   0.123335  0.000000  -0.392792  0.000000  -0.290081  0.000000 )
(  -0.086764  0.000000   0.558353  0.000000  -0.290081  0.000000 )
(  -0.086764  0.000000  -0.392792  0.000000   0.412349  0.000000 )
   freq (   14) =    13.55963527 [THz] =   452.30068226 [cm-1]
(   0.003193  0.000000  -0.000466  0.000000  -0.000324  0.000000 )
(  -0.103575  0.000000   0.015113  0.000000   0.010516  0.000000 )
(  -0.694103  0.000000  -0.071247  0.000000  -0.049574  0.000000 )
(   0.488289  0.000000   0.101278  0.000000  -0.049574  0.000000 )
(   0.488289  0.000000  -0.071247  0.000000   0.070469  0.000000 )
   freq (   15) =    13.55963527 [THz] =   452.30068226 [cm-1]
(   0.000016  0.000000   0.001924  0.000000  -0.002610  0.000000 )
(  -0.000511  0.000000  -0.062421  0.000000   0.084676  0.000000 )
(  -0.003426  0.000000   0.294276  0.000000  -0.399194  0.000000 )
(   0.002410  0.000000  -0.418313  0.000000  -0.399194  0.000000 )
(   0.002410  0.000000   0.294276  0.000000   0.567454  0.000000 )
***************************************************************************
