Dynamical matrix file
File generated with the CellConstructor by Lorenzo Monacelli
3 5 0     1.8897259890000000     0.0000000000000000     0.0000000000000000     0.0000000000000000     0.0000000000000000     0.0000000000000000
Basis vectors
    4.0162168494695329     0.0000000000000000     0.0000000000000001
   -0.0000000000000002     4.0162168494695285    -0.0000000000000146
   -0.0000000000000005    -0.0000000000000098     4.0162168494695232
	1  'Ba '  125165.9077335107867839
	2  'Ti '  43628.1030349454958923
	3  'O '  14582.1969301625977096
    1     1    -0.0000000000000001    -0.0000000000000003    -0.0000000000000002
    2     2     2.0081084247347665     2.0081084247347594     2.0081084247347545
    3     3     0.0000000000000001     2.0081084247347594     2.0081084247347545
    4     3     2.0081084247347665    -0.0000000000000055     2.0081084247347607
    5     3     2.0081084247347669     2.0081084247347643    -0.0000000000000073

     Dynamical Matrix in cartesian axes

     q = (     0.000000000000     0.000000000000     0.000000000000 )

    1    1
     0.1250056478048044     0.0000000000000000        0.0000000000000000     0.0000000000000000        0.0000000000000000     0.0000000000000000
     0.0000000000000000     0.0000000000000000        0.1250056478048047     0.0000000000000000        0.0000000000000008     0.0000000000000000
     0.0000000000000000     0.0000000000000000        0.0000000000000008     0.0000000000000000        0.1250056478048049     0.0000000000000000
    1    2
    -0.0581862965873401     0.0000000000000000       -0.0000000000000000     0.0000000000000000       -0.0000000000000000     0.0000000000000000
    -0.0000000000000000     0.0000000000000000       -0.0581862965873403     0.0000000000000000       -0.0000000000000004     0.0000000000000000
    -0.0000000000000000     0.0000000000000000       -0.0000000000000004     0.0000000000000000       -0.0581862965873404     0.0000000000000000
    1    3
    -0.0272556086333588     0.0000000000000000       -0.0000000000000000     0.0000000000000000       -0.0000000000000000     0.0000000000000000
    -0.0000000000000000     0.0000000000000000       -0.0197818712920528     0.0000000000000000       -0.0000000000000001     0.0000000000000000
    -0.0000000000000000     0.0000000000000000       -0.0000000000000001     0.0000000000000000       -0.0197818712920528     0.0000000000000000
    1    4
    -0.0197818712920527     0.0000000000000000       -0.0000000000000000     0.0000000000000000       -0.0000000000000000     0.0000000000000000
    -0.0000000000000000     0.0000000000000000       -0.0272556086333588     0.0000000000000000       -0.0000000000000001     0.0000000000000000
    -0.0000000000000000     0.0000000000000000       -0.0000000000000001     0.0000000000000000       -0.0197818712920528     0.0000000000000000
    1    5
    -0.0197818712920527     0.0000000000000000       -0.0000000000000000     0.0000000000000000       -0.0000000000000000     0.0000000000000000
    -0.0000000000000000     0.0000000000000000       -0.0197818712920528     0.0000000000000000       -0.0000000000000001     0.0000000000000000
    -0.0000000000000000     0.0000000000000000       -0.0000000000000001     0.0000000000000000       -0.0272556086333589     0.0000000000000000
    2    1
    -0.0581862965873401     0.0000000000000000       -0.0000000000000000     0.0000000000000000       -0.0000000000000000     0.0000000000000000
    -0.0000000000000000     0.0000000000000000       -0.0581862965873403     0.0000000000000000       -0.0000000000000004     0.0000000000000000
    -0.0000000000000000     0.0000000000000000       -0.0000000000000004     0.0000000000000000       -0.0581862965873404     0.0000000000000000
    2    2
     0.0850629636841908     0.0000000000000000        0.0000000000000000     0.0000000000000000        0.0000000000000000     0.0000000000000000
     0.0000000000000000     0.0000000000000000        0.0850629636841910     0.0000000000000000        0.0000000000000005     0.0000000000000000
     0.0000000000000000     0.0000000000000000        0.0000000000000005     0.0000000000000000        0.0850629636841912     0.0000000000000000
    2    3
     0.0413428465817134     0.0000000000000000        0.0000000000000000     0.0000000000000000        0.0000000000000000     0.0000000000000000
     0.0000000000000000     0.0000000000000000       -0.0341097568392822     0.0000000000000000       -0.0000000000000002     0.0000000000000000
     0.0000000000000000     0.0000000000000000       -0.0000000000000002     0.0000000000000000       -0.0341097568392823     0.0000000000000000
    2    4
    -0.0341097568392821     0.0000000000000000       -0.0000000000000000     0.0000000000000000       -0.0000000000000000     0.0000000000000000
    -0.0000000000000000     0.0000000000000000        0.0413428465817135     0.0000000000000000       -0.0000000000000000     0.0000000000000000
    -0.0000000000000000     0.0000000000000000       -0.0000000000000000     0.0000000000000000       -0.0341097568392823     0.0000000000000000
    2    5
    -0.0341097568392821     0.0000000000000000       -0.0000000000000000     0.0000000000000000       -0.0000000000000000     0.0000000000000000
    -0.0000000000000000     0.0000000000000000       -0.0341097568392822     0.0000000000000000        0.0000000000000001     0.0000000000000000
    -0.0000000000000000     0.0000000000000000        0.0000000000000001     0.0000000000000000        0.0413428465817136     0.0000000000000000
    3    1
    -0.0272556086333588     0.0000000000000000       -0.0000000000000000     0.0000000000000000       -0.0000000000000000     0.0000000000000000
    -0.0000000000000000     0.0000000000000000       -0.0197818712920528     0.0000000000000000       -0.0000000000000001     0.0000000000000000
    -0.0000000000000000     0.0000000000000000       -0.0000000000000001     0.0000000000000000       -0.0197818712920528     0.0000000000000000
    3    2
     0.0413428465817134     0.0000000000000000        0.0000000000000000     0.0000000000000000        0.0000000000000000     0.0000000000000000
     0.0000000000000000     0.0000000000000000       -0.0341097568392822     0.0000000000000000       -0.0000000000000002     0.0000000000000000
     0.0000000000000000     0.0000000000000000       -0.0000000000000002     0.0000000000000000       -0.0341097568392823     0.0000000000000000
    3    3
     0.1409117179475488     0.0000000000000000        0.0000000000000000     0.0000000000000000        0.0000000000000000     0.0000000000000000
     0.0000000000000000     0.0000000000000000        0.1146245275742457     0.0000000000000000        0.0000000000000007     0.0000000000000000
     0.0000000000000000     0.0000000000000000        0.0000000000000007     0.0000000000000000        0.1146245275742460     0.0000000000000000
    3    4
    -0.0774994779479517     0.0000000000000000       -0.0000000000000000     0.0000000000000000       -0.0000000000000000     0.0000000000000000
    -0.0000000000000000     0.0000000000000000       -0.0774994779479519     0.0000000000000000       -0.0000000000000001     0.0000000000000000
    -0.0000000000000000     0.0000000000000000       -0.0000000000000001     0.0000000000000000        0.0167665785050412     0.0000000000000000
    3    5
    -0.0774994779479517     0.0000000000000000       -0.0000000000000000     0.0000000000000000       -0.0000000000000000     0.0000000000000000
    -0.0000000000000000     0.0000000000000000        0.0167665785050412     0.0000000000000000       -0.0000000000000002     0.0000000000000000
    -0.0000000000000000     0.0000000000000000       -0.0000000000000002     0.0000000000000000       -0.0774994779479521     0.0000000000000000
    4    1
    -0.0197818712920527     0.0000000000000000       -0.0000000000000000     0.0000000000000000       -0.0000000000000000     0.0000000000000000
    -0.0000000000000000     0.0000000000000000       -0.0272556086333588     0.0000000000000000       -0.0000000000000001     0.0000000000000000
    -0.0000000000000000     0.0000000000000000       -0.0000000000000001     0.0000000000000000       -0.0197818712920528     0.0000000000000000
    4    2
    -0.0341097568392821     0.0000000000000000       -0.0000000000000000     0.0000000000000000       -0.0000000000000000     0.0000000000000000
    -0.0000000000000000     0.0000000000000000        0.0413428465817135     0.0000000000000000       -0.0000000000000000     0.0000000000000000
    -0.0000000000000000     0.0000000000000000       -0.0000000000000000     0.0000000000000000       -0.0341097568392823     0.0000000000000000
    4    3
    -0.0774994779479517     0.0000000000000000       -0.0000000000000000     0.0000000000000000       -0.0000000000000000     0.0000000000000000
    -0.0000000000000000     0.0000000000000000       -0.0774994779479519     0.0000000000000000       -0.0000000000000001     0.0000000000000000
    -0.0000000000000000     0.0000000000000000       -0.0000000000000001     0.0000000000000000        0.0167665785050412     0.0000000000000000
    4    4
     0.1146245275742454     0.0000000000000000        0.0000000000000000     0.0000000000000000        0.0000000000000000     0.0000000000000000
     0.0000000000000000     0.0000000000000000        0.1409117179475491     0.0000000000000000        0.0000000000000008     0.0000000000000000
     0.0000000000000000     0.0000000000000000        0.0000000000000008     0.0000000000000000        0.1146245275742460     0.0000000000000000
    4    5
     0.0167665785050411     0.0000000000000000        0.0000000000000000     0.0000000000000000        0.0000000000000000     0.0000000000000000
     0.0000000000000000     0.0000000000000000       -0.0774994779479519     0.0000000000000000       -0.0000000000000005     0.0000000000000000
     0.0000000000000000     0.0000000000000000       -0.0000000000000005     0.0000000000000000       -0.0774994779479521     0.0000000000000000
    5    1
    -0.0197818712920527     0.0000000000000000       -0.0000000000000000     0.0000000000000000       -0.0000000000000000     0.0000000000000000
    -0.0000000000000000     0.0000000000000000       -0.0197818712920528     0.0000000000000000       -0.0000000000000001     0.0000000000000000
    -0.0000000000000000     0.0000000000000000       -0.0000000000000001     0.0000000000000000       -0.0272556086333589     0.0000000000000000
    5    2
    -0.0341097568392821     0.0000000000000000       -0.0000000000000000     0.0000000000000000       -0.0000000000000000     0.0000000000000000
    -0.0000000000000000     0.0000000000000000       -0.0341097568392822     0.0000000000000000        0.0000000000000001     0.0000000000000000
    -0.0000000000000000     0.0000000000000000        0.0000000000000001     0.0000000000000000        0.0413428465817136     0.0000000000000000
    5    3
    -0.0774994779479517     0.0000000000000000       -0.0000000000000000     0.0000000000000000       -0.0000000000000000     0.0000000000000000
    -0.0000000000000000     0.0000000000000000        0.0167665785050412     0.0000000000000000       -0.0000000000000002     0.0000000000000000
    -0.0000000000000000     0.0000000000000000       -0.0000000000000002     0.0000000000000000       -0.0774994779479521     0.0000000000000000
    5    4
     0.0167665785050411     0.0000000000000000        0.0000000000000000     0.0000000000000000        0.0000000000000000     0.0000000000000000
     0.0000000000000000     0.0000000000000000       -0.0774994779479519     0.0000000000000000       -0.0000000000000005     0.0000000000000000
     0.0000000000000000     0.0000000000000000       -0.0000000000000005     0.0000000000000000       -0.0774994779479521     0.0000000000000000
    5    5
     0.1146245275742454     0.0000000000000000        0.0000000000000000     0.0000000000000000        0.0000000000000000     0.0000000000000000
     0.0000000000000000     0.0000000000000000        0.1146245275742457     0.0000000000000000        0.0000000000000008     0.0000000000000000
     0.0000000000000000     0.0000000000000000        0.0000000000000008     0.0000000000000000        0.1409117179475494     0.0000000000000000

     Diagonalizing the dynamical matrix

     q = (     0.000000000000     0.000000000000     0.000000000000 )

***************************************************************************
   freq (    1) =    -0.00000027 [THz] =    -0.00000916 [cm-1]
(   0.003570  0.000000  -0.118797  0.000000  -0.431132  0.000000 )
(   0.003570  0.000000  -0.118797  0.000000  -0.431132  0.000000 )
(   0.003570  0.000000  -0.118797  0.000000  -0.431132  0.000000 )
(   0.003570  0.000000  -0.118797  0.000000  -0.431132  0.000000 )
(   0.003570  0.000000  -0.118797  0.000000  -0.431132  0.000000 )
   freq (    2) =    -0.00000019 [THz] =    -0.00000629 [cm-1]
(   0.022921  0.000000  -0.430530  0.000000   0.118822  0.000000 )
(   0.022921  0.000000  -0.430530  0.000000   0.118822  0.000000 )
(   0.022921  0.000000  -0.430530  0.000000   0.118822  0.000000 )
(   0.022921  0.000000  -0.430530  0.000000   0.118822  0.000000 )
(   0.022921  0.000000  -0.430530  0.000000   0.118822  0.000000 )
   freq (    3) =    -0.00000005 [THz] =    -0.00000163 [cm-1]
(  -0.446612  0.000000  -0.023045  0.000000   0.002651  0.000000 )
(  -0.446612  0.000000  -0.023045  0.000000   0.002651  0.000000 )
(  -0.446612  0.000000  -0.023045  0.000000   0.002651  0.000000 )
(  -0.446612  0.000000  -0.023045  0.000000   0.002651  0.000000 )
(  -0.446612  0.000000  -0.023045  0.000000   0.002651  0.000000 )
   freq (    4) =     4.49962112 [THz] =   150.09118332 [cm-1]
(  -0.001114  0.000000  -0.071454  0.000000   0.053863  0.000000 )
(   0.008161  0.000000   0.523600  0.000000  -0.394696  0.000000 )
(  -0.007948  0.000000  -0.221635  0.000000   0.167071  0.000000 )
(  -0.003454  0.000000  -0.509956  0.000000   0.167071  0.000000 )
(  -0.003454  0.000000  -0.221635  0.000000   0.384411  0.000000 )
   freq (    5) =     4.49962112 [THz] =   150.09118332 [cm-1]
(  -0.089470  0.000000   0.001715  0.000000   0.000425  0.000000 )
(   0.655623  0.000000  -0.012564  0.000000  -0.003111  0.000000 )
(  -0.638538  0.000000   0.005318  0.000000   0.001317  0.000000 )
(  -0.277519  0.000000   0.012236  0.000000   0.001317  0.000000 )
(  -0.277519  0.000000   0.005318  0.000000   0.003030  0.000000 )
   freq (    6) =     4.49962112 [THz] =   150.09118332 [cm-1]
(  -0.001371  0.000000  -0.053847  0.000000  -0.071461  0.000000 )
(   0.010047  0.000000   0.394581  0.000000   0.523655  0.000000 )
(  -0.009785  0.000000  -0.167022  0.000000  -0.221658  0.000000 )
(  -0.004253  0.000000  -0.384298  0.000000  -0.221658  0.000000 )
(  -0.004253  0.000000  -0.167022  0.000000  -0.510009  0.000000 )
   freq (    7) =     5.18099558 [THz] =   172.81938544 [cm-1]
(  -0.007937  0.000000  -0.204680  0.000000   0.174512  0.000000 )
(   0.006853  0.000000   0.176727  0.000000  -0.150680  0.000000 )
(   0.017510  0.000000   0.388282  0.000000  -0.331054  0.000000 )
(   0.015056  0.000000   0.451553  0.000000  -0.331054  0.000000 )
(   0.015056  0.000000   0.388282  0.000000  -0.385000  0.000000 )
   freq (    8) =     5.18099558 [THz] =   172.81938544 [cm-1]
(   0.268974  0.000000  -0.006809  0.000000   0.004247  0.000000 )
(  -0.232241  0.000000   0.005879  0.000000  -0.003667  0.000000 )
(  -0.593395  0.000000   0.012917  0.000000  -0.008057  0.000000 )
(  -0.510250  0.000000   0.015022  0.000000  -0.008057  0.000000 )
(  -0.510250  0.000000   0.012917  0.000000  -0.009369  0.000000 )
   freq (    9) =     5.18099558 [THz] =   172.81938544 [cm-1]
(  -0.001185  0.000000  -0.174560  0.000000  -0.204789  0.000000 )
(   0.001024  0.000000   0.150721  0.000000   0.176822  0.000000 )
(   0.002615  0.000000   0.331145  0.000000   0.388491  0.000000 )
(   0.002249  0.000000   0.385105  0.000000   0.388491  0.000000 )
(   0.002249  0.000000   0.331145  0.000000   0.451795  0.000000 )
   freq (   10) =     8.52239874 [THz] =   284.27658168 [cm-1]
(   0.000000  0.000000  -0.000000  0.000000   0.000000  0.000000 )
(   0.000000  0.000000   0.000000  0.000000  -0.000000  0.000000 )
(  -0.000000  0.000000  -0.560475  0.000000   0.388291  0.000000 )
(   0.187346  0.000000   0.000000  0.000000  -0.388291  0.000000 )
(  -0.187346  0.000000   0.560475  0.000000  -0.000000  0.000000 )
   freq (   11) =     8.52239874 [THz] =   284.27658168 [cm-1]
(  -0.000000  0.000000   0.000000  0.000000   0.000000  0.000000 )
(  -0.000000  0.000000   0.000000  0.000000  -0.000000  0.000000 )
(  -0.000000  0.000000  -0.147210  0.000000   0.116444  0.000000 )
(  -0.681741  0.000000   0.000000  0.000000  -0.116444  0.000000 )
(   0.681741  0.000000   0.147210  0.000000  -0.000000  0.000000 )
   freq (   12) =     8.52239874 [THz] =   284.27658168 [cm-1]
(   0.000000  0.000000   0.000000  0.000000   0.000000  0.000000 )
(  -0.000000  0.000000   0.000000  0.000000   0.000000  0.000000 )
(  -0.000000  0.000000   0.405213  0.000000   0.579371  0.000000 )
(   0.011460  0.000000   0.000000  0.000000  -0.579371  0.000000 )
(  -0.011460  0.000000  -0.405213  0.000000   0.000000  0.000000 )
   freq (   13) =    13.67216913 [THz] =   456.05440741 [cm-1]
(   0.002815  0.000000   0.000157  0.000000   0.000115  0.000000 )
(  -0.094199  0.000000  -0.005242  0.000000  -0.003851  0.000000 )
(  -0.715877  0.000000   0.027087  0.000000   0.019902  0.000000 )
(   0.486772  0.000000  -0.039835  0.000000   0.019902  0.000000 )
(   0.486772  0.000000   0.027087  0.000000  -0.029269  0.000000 )
   freq (   14) =    13.67216913 [THz] =   456.05440741 [cm-1]
(  -0.000194  0.000000   0.002376  0.000000   0.001510  0.000000 )
(   0.006490  0.000000  -0.079515  0.000000  -0.050508  0.000000 )
(   0.049319  0.000000   0.410892  0.000000   0.260997  0.000000 )
(  -0.033535  0.000000  -0.604283  0.000000   0.260997  0.000000 )
(  -0.033535  0.000000   0.410892  0.000000  -0.383839  0.000000 )
   freq (   15) =    13.67216913 [THz] =   456.05440741 [cm-1]
(  -0.000013  0.000000  -0.001514  0.000000   0.002382  0.000000 )
(   0.000439  0.000000   0.050653  0.000000  -0.079687  0.000000 )
(   0.003339  0.000000  -0.261745  0.000000   0.411778  0.000000 )
(  -0.002271  0.000000   0.384939  0.000000   0.411778  0.000000 )
(  -0.002271  0.000000  -0.261745  0.000000  -0.605586  0.000000 )
***************************************************************************
