Dynamical matrix file
File generated with the CellConstructor by Lorenzo Monacelli
3 5 0     1.8897259890000000     0.0000000000000000     0.0000000000000000     0.0000000000000000     0.0000000000000000     0.0000000000000000
Basis vectors
    4.0162168494695329     0.0000000000000000     0.0000000000000001
   -0.0000000000000002     4.0162168494695285    -0.0000000000000146
   -0.0000000000000005    -0.0000000000000098     4.0162168494695232
	1  'Ba '  125165.9077335107867839
	2  'Ti '  43628.1030349454958923
	3  'O '  14582.1969301625977096
    1     1     0.0000000000000004    -0.0000000000000001    -0.0000000000000001
    2     2     2.0081084247347665     2.0081084247347594     2.0081084247347545
    3     3     0.0000000000000005     2.0081084247347594     2.0081084247347545
    4     3     2.0081084247347665    -0.0000000000000058     2.0081084247347607
    5     3     2.0081084247347669     2.0081084247347638    -0.0000000000000072

     Dynamical Matrix in cartesian axes

     q = (     0.000000000000     0.000000000000     0.000000000000 )

    1    1
     0.1246490088996484     0.0000000000000000        0.0000000000000000     0.0000000000000000        0.0000000000000000     0.0000000000000000
     0.0000000000000000     0.0000000000000000        0.1246490088996487     0.0000000000000000        0.0000000000000008     0.0000000000000000
     0.0000000000000000     0.0000000000000000        0.0000000000000008     0.0000000000000000        0.1246490088996490     0.0000000000000000
    1    2
    -0.0673613110853489     0.0000000000000000       -0.0000000000000000     0.0000000000000000       -0.0000000000000000     0.0000000000000000
    -0.0000000000000000     0.0000000000000000       -0.0673613110853490     0.0000000000000000       -0.0000000000000004     0.0000000000000000
    -0.0000000000000000     0.0000000000000000       -0.0000000000000004     0.0000000000000000       -0.0673613110853492     0.0000000000000000
    1    3
    -0.0220362931383643     0.0000000000000000       -0.0000000000000000     0.0000000000000000       -0.0000000000000000     0.0000000000000000
    -0.0000000000000000     0.0000000000000000       -0.0176257023379675     0.0000000000000000       -0.0000000000000001     0.0000000000000000
    -0.0000000000000000     0.0000000000000000       -0.0000000000000001     0.0000000000000000       -0.0176257023379676     0.0000000000000000
    1    4
    -0.0176257023379675     0.0000000000000000       -0.0000000000000000     0.0000000000000000       -0.0000000000000000     0.0000000000000000
    -0.0000000000000000     0.0000000000000000       -0.0220362931383644     0.0000000000000000       -0.0000000000000001     0.0000000000000000
    -0.0000000000000000     0.0000000000000000       -0.0000000000000001     0.0000000000000000       -0.0176257023379676     0.0000000000000000
    1    5
    -0.0176257023379675     0.0000000000000000       -0.0000000000000000     0.0000000000000000       -0.0000000000000000     0.0000000000000000
    -0.0000000000000000     0.0000000000000000       -0.0176257023379675     0.0000000000000000       -0.0000000000000001     0.0000000000000000
    -0.0000000000000000     0.0000000000000000       -0.0000000000000001     0.0000000000000000       -0.0220362931383644     0.0000000000000000
    2    1
    -0.0673613110853489     0.0000000000000000       -0.0000000000000000     0.0000000000000000       -0.0000000000000000     0.0000000000000000
    -0.0000000000000000     0.0000000000000000       -0.0673613110853490     0.0000000000000000       -0.0000000000000004     0.0000000000000000
    -0.0000000000000000     0.0000000000000000       -0.0000000000000004     0.0000000000000000       -0.0673613110853492     0.0000000000000000
    2    2
     0.0556787706436378     0.0000000000000000        0.0000000000000000     0.0000000000000000        0.0000000000000000     0.0000000000000000
     0.0000000000000000     0.0000000000000000        0.0556787706436378     0.0000000000000000        0.0000000000000003     0.0000000000000000
     0.0000000000000000     0.0000000000000000        0.0000000000000003     0.0000000000000000        0.0556787706436379     0.0000000000000000
    2    3
     0.0519474804161967     0.0000000000000000        0.0000000000000000     0.0000000000000000        0.0000000000000000     0.0000000000000000
     0.0000000000000000     0.0000000000000000       -0.0201324699872428     0.0000000000000000       -0.0000000000000001     0.0000000000000000
     0.0000000000000000     0.0000000000000000       -0.0000000000000001     0.0000000000000000       -0.0201324699872428     0.0000000000000000
    2    4
    -0.0201324699872427     0.0000000000000000        0.0000000000000000     0.0000000000000000       -0.0000000000000000     0.0000000000000000
    -0.0000000000000000     0.0000000000000000        0.0519474804161968     0.0000000000000000        0.0000000000000001     0.0000000000000000
    -0.0000000000000000     0.0000000000000000        0.0000000000000001     0.0000000000000000       -0.0201324699872428     0.0000000000000000
    2    5
    -0.0201324699872427     0.0000000000000000       -0.0000000000000000     0.0000000000000000       -0.0000000000000000     0.0000000000000000
    -0.0000000000000000     0.0000000000000000       -0.0201324699872428     0.0000000000000000        0.0000000000000001     0.0000000000000000
    -0.0000000000000000     0.0000000000000000        0.0000000000000001     0.0000000000000000        0.0519474804161970     0.0000000000000000
    3    1
    -0.0220362931383643     0.0000000000000000       -0.0000000000000000     0.0000000000000000       -0.0000000000000000     0.0000000000000000
    -0.0000000000000000     0.0000000000000000       -0.0176257023379675     0.0000000000000000       -0.0000000000000001     0.0000000000000000
    -0.0000000000000000     0.0000000000000000       -0.0000000000000001     0.0000000000000000       -0.0176257023379676     0.0000000000000000
    3    2
     0.0519474804161967     0.0000000000000000        0.0000000000000000     0.0000000000000000        0.0000000000000000     0.0000000000000000
     0.0000000000000000     0.0000000000000000       -0.0201324699872428     0.0000000000000000       -0.0000000000000001     0.0000000000000000
     0.0000000000000000     0.0000000000000000       -0.0000000000000001     0.0000000000000000       -0.0201324699872428     0.0000000000000000
    3    3
     0.1415588908512317     0.0000000000000000        0.0000000000000000     0.0000000000000000        0.0000000000000000     0.0000000000000000
     0.0000000000000000     0.0000000000000000        0.1105554232383759     0.0000000000000000        0.0000000000000007     0.0000000000000000
     0.0000000000000000     0.0000000000000000        0.0000000000000007     0.0000000000000000        0.1105554232383761     0.0000000000000000
    3    4
    -0.0857350390645322     0.0000000000000000        0.0000000000000000     0.0000000000000000       -0.0000000000000000     0.0000000000000000
    -0.0000000000000000     0.0000000000000000       -0.0857350390645324     0.0000000000000000       -0.0000000000000002     0.0000000000000000
    -0.0000000000000000     0.0000000000000000       -0.0000000000000002     0.0000000000000000        0.0129377881513668     0.0000000000000000
    3    5
    -0.0857350390645322     0.0000000000000000       -0.0000000000000000     0.0000000000000000       -0.0000000000000000     0.0000000000000000
    -0.0000000000000000     0.0000000000000000        0.0129377881513668     0.0000000000000000       -0.0000000000000003     0.0000000000000000
    -0.0000000000000000     0.0000000000000000       -0.0000000000000003     0.0000000000000000       -0.0857350390645326     0.0000000000000000
    4    1
    -0.0176257023379675     0.0000000000000000       -0.0000000000000000     0.0000000000000000       -0.0000000000000000     0.0000000000000000
    -0.0000000000000000     0.0000000000000000       -0.0220362931383644     0.0000000000000000       -0.0000000000000001     0.0000000000000000
    -0.0000000000000000     0.0000000000000000       -0.0000000000000001     0.0000000000000000       -0.0176257023379676     0.0000000000000000
    4    2
    -0.0201324699872427     0.0000000000000000       -0.0000000000000000     0.0000000000000000       -0.0000000000000000     0.0000000000000000
     0.0000000000000000     0.0000000000000000        0.0519474804161968     0.0000000000000000        0.0000000000000001     0.0000000000000000
    -0.0000000000000000     0.0000000000000000        0.0000000000000001     0.0000000000000000       -0.0201324699872428     0.0000000000000000
    4    3
    -0.0857350390645322     0.0000000000000000       -0.0000000000000000     0.0000000000000000       -0.0000000000000000     0.0000000000000000
     0.0000000000000000     0.0000000000000000       -0.0857350390645324     0.0000000000000000       -0.0000000000000002     0.0000000000000000
    -0.0000000000000000     0.0000000000000000       -0.0000000000000002     0.0000000000000000        0.0129377881513668     0.0000000000000000
    4    4
     0.1105554232383756     0.0000000000000000        0.0000000000000000     0.0000000000000000        0.0000000000000000     0.0000000000000000
     0.0000000000000000     0.0000000000000000        0.1415588908512320     0.0000000000000000        0.0000000000000008     0.0000000000000000
     0.0000000000000000     0.0000000000000000        0.0000000000000008     0.0000000000000000        0.1105554232383762     0.0000000000000000
    4    5
     0.0129377881513668     0.0000000000000000        0.0000000000000000     0.0000000000000000        0.0000000000000000     0.0000000000000000
     0.0000000000000000     0.0000000000000000       -0.0857350390645324     0.0000000000000000       -0.0000000000000005     0.0000000000000000
     0.0000000000000000     0.0000000000000000       -0.0000000000000005     0.0000000000000000       -0.0857350390645326     0.0000000000000000
    5    1
    -0.0176257023379675     0.0000000000000000       -0.0000000000000000     0.0000000000000000       -0.0000000000000000     0.0000000000000000
    -0.0000000000000000     0.0000000000000000       -0.0176257023379675     0.0000000000000000       -0.0000000000000001     0.0000000000000000
    -0.0000000000000000     0.0000000000000000       -0.0000000000000001     0.0000000000000000       -0.0220362931383644     0.0000000000000000
    5    2
    -0.0201324699872427     0.0000000000000000       -0.0000000000000000     0.0000000000000000       -0.0000000000000000     0.0000000000000000
    -0.0000000000000000     0.0000000000000000       -0.0201324699872428     0.0000000000000000        0.0000000000000001     0.0000000000000000
    -0.0000000000000000     0.0000000000000000        0.0000000000000001     0.0000000000000000        0.0519474804161970     0.0000000000000000
    5    3
    -0.0857350390645322     0.0000000000000000       -0.0000000000000000     0.0000000000000000       -0.0000000000000000     0.0000000000000000
    -0.0000000000000000     0.0000000000000000        0.0129377881513668     0.0000000000000000       -0.0000000000000003     0.0000000000000000
    -0.0000000000000000     0.0000000000000000       -0.0000000000000003     0.0000000000000000       -0.0857350390645326     0.0000000000000000
    5    4
     0.0129377881513668     0.0000000000000000        0.0000000000000000     0.0000000000000000        0.0000000000000000     0.0000000000000000
     0.0000000000000000     0.0000000000000000       -0.0857350390645324     0.0000000000000000       -0.0000000000000005     0.0000000000000000
     0.0000000000000000     0.0000000000000000       -0.0000000000000005     0.0000000000000000       -0.0857350390645326     0.0000000000000000
    5    5
     0.1105554232383756     0.0000000000000000        0.0000000000000000     0.0000000000000000        0.0000000000000000     0.0000000000000000
     0.0000000000000000     0.0000000000000000        0.1105554232383759     0.0000000000000000        0.0000000000000008     0.0000000000000000
     0.0000000000000000     0.0000000000000000        0.0000000000000008     0.0000000000000000        0.1415588908512322     0.0000000000000000

     Diagonalizing the dynamical matrix

     q = (     0.000000000000     0.000000000000     0.000000000000 )

***************************************************************************
   freq (    1) =    -0.00000016 [THz] =    -0.00000533 [cm-1]
(   0.104689  0.000000  -0.031051  0.000000   0.433677  0.000000 )
(   0.104689  0.000000  -0.031051  0.000000   0.433677  0.000000 )
(   0.104689  0.000000  -0.031051  0.000000   0.433677  0.000000 )
(   0.104689  0.000000  -0.031051  0.000000   0.433677  0.000000 )
(   0.104689  0.000000  -0.031051  0.000000   0.433677  0.000000 )
   freq (    2) =    -0.00000008 [THz] =    -0.00000260 [cm-1]
(   0.434787  0.000000   0.007441  0.000000  -0.104424  0.000000 )
(   0.434787  0.000000   0.007441  0.000000  -0.104424  0.000000 )
(   0.434787  0.000000   0.007441  0.000000  -0.104424  0.000000 )
(   0.434787  0.000000   0.007441  0.000000  -0.104424  0.000000 )
(   0.434787  0.000000   0.007441  0.000000  -0.104424  0.000000 )
   freq (    3) =     0.00000038 [THz] =     0.00001265 [cm-1]
(   0.000034  0.000000   0.446072  0.000000   0.031931  0.000000 )
(   0.000034  0.000000   0.446072  0.000000   0.031931  0.000000 )
(   0.000034  0.000000   0.446072  0.000000   0.031931  0.000000 )
(   0.000034  0.000000   0.446072  0.000000   0.031931  0.000000 )
(   0.000034  0.000000   0.446072  0.000000   0.031931  0.000000 )
   freq (    4) =     1.73512287 [THz] =    57.87746073 [cm-1]
(  -0.000215  0.000000  -0.005353  0.000000   0.014256  0.000000 )
(  -0.006421  0.000000  -0.160120  0.000000   0.426387  0.000000 )
(   0.009558  0.000000   0.143324  0.000000  -0.381659  0.000000 )
(   0.005747  0.000000   0.238363  0.000000  -0.381659  0.000000 )
(   0.005747  0.000000   0.143324  0.000000  -0.634742  0.000000 )
   freq (    5) =     1.73512287 [THz] =    57.87746073 [cm-1]
(  -0.015192  0.000000   0.001052  0.000000   0.000166  0.000000 )
(  -0.454392  0.000000   0.031450  0.000000   0.004968  0.000000 )
(   0.676431  0.000000  -0.028151  0.000000  -0.004447  0.000000 )
(   0.406726  0.000000  -0.046819  0.000000  -0.004447  0.000000 )
(   0.406726  0.000000  -0.028151  0.000000  -0.007396  0.000000 )
   freq (    6) =     1.73512287 [THz] =    57.87746073 [cm-1]
(  -0.001043  0.000000  -0.014218  0.000000  -0.005355  0.000000 )
(  -0.031186  0.000000  -0.425274  0.000000  -0.160172  0.000000 )
(   0.046425  0.000000   0.380663  0.000000   0.143370  0.000000 )
(   0.027915  0.000000   0.633085  0.000000   0.143370  0.000000 )
(   0.027915  0.000000   0.380663  0.000000   0.238440  0.000000 )
   freq (    7) =     5.12646941 [THz] =   171.00058868 [cm-1]
(  -0.007940  0.000000  -0.261854  0.000000   0.216214  0.000000 )
(   0.012200  0.000000   0.402354  0.000000  -0.332226  0.000000 )
(   0.009927  0.000000   0.358218  0.000000  -0.295783  0.000000 )
(   0.010862  0.000000   0.327387  0.000000  -0.295783  0.000000 )
(   0.010862  0.000000   0.358218  0.000000  -0.270325  0.000000 )
   freq (    8) =     5.12646941 [THz] =   171.00058868 [cm-1]
(  -0.339431  0.000000   0.012588  0.000000   0.002780  0.000000 )
(   0.521555  0.000000  -0.019342  0.000000  -0.004272  0.000000 )
(   0.424378  0.000000  -0.017220  0.000000  -0.003803  0.000000 )
(   0.464344  0.000000  -0.015738  0.000000  -0.003803  0.000000 )
(   0.464344  0.000000  -0.017220  0.000000  -0.003476  0.000000 )
   freq (    9) =     5.12646941 [THz] =   171.00058868 [cm-1]
(   0.010156  0.000000   0.215994  0.000000   0.261960  0.000000 )
(  -0.015605  0.000000  -0.331887  0.000000  -0.402517  0.000000 )
(  -0.012698  0.000000  -0.295481  0.000000  -0.358363  0.000000 )
(  -0.013893  0.000000  -0.270049  0.000000  -0.358363  0.000000 )
(  -0.013893  0.000000  -0.295481  0.000000  -0.327519  0.000000 )
   freq (   10) =     8.51192789 [THz] =   283.92731200 [cm-1]
(  -0.000000  0.000000   0.000000  0.000000   0.000000  0.000000 )
(   0.000000  0.000000   0.000000  0.000000   0.000000  0.000000 )
(   0.000000  0.000000   0.184375  0.000000  -0.089036  0.000000 )
(   0.676815  0.000000  -0.000000  0.000000   0.089036  0.000000 )
(  -0.676815  0.000000  -0.184375  0.000000   0.000000  0.000000 )
   freq (   11) =     8.51192789 [THz] =   283.92731200 [cm-1]
(   0.000000  0.000000   0.000000  0.000000   0.000000  0.000000 )
(  -0.000000  0.000000  -0.000000  0.000000   0.000000  0.000000 )
(   0.000000  0.000000   0.569218  0.000000  -0.366941  0.000000 )
(  -0.203335  0.000000  -0.000000  0.000000   0.366941  0.000000 )
(   0.203335  0.000000  -0.569218  0.000000   0.000000  0.000000 )
   freq (   12) =     8.51192789 [THz] =   283.92731200 [cm-1]
(   0.000000  0.000000   0.000000  0.000000   0.000000  0.000000 )
(   0.000000  0.000000  -0.000000  0.000000  -0.000000  0.000000 )
(   0.000000  0.000000  -0.376825  0.000000  -0.597852  0.000000 )
(   0.024005  0.000000  -0.000000  0.000000   0.597852  0.000000 )
(  -0.024005  0.000000   0.376825  0.000000  -0.000000  0.000000 )
   freq (   13) =    13.85728197 [THz] =   462.22910607 [cm-1]
(   0.002092  0.000000   0.000718  0.000000   0.000492  0.000000 )
(  -0.073876  0.000000  -0.025356  0.000000  -0.017381  0.000000 )
(  -0.677606  0.000000   0.151131  0.000000   0.103598  0.000000 )
(   0.440337  0.000000  -0.232566  0.000000   0.103598  0.000000 )
(   0.440337  0.000000   0.151131  0.000000  -0.159420  0.000000 )
   freq (   14) =    13.85728197 [THz] =   462.22910607 [cm-1]
(   0.000871  0.000000  -0.001747  0.000000  -0.001152  0.000000 )
(  -0.030737  0.000000   0.061668  0.000000   0.040682  0.000000 )
(  -0.281922  0.000000  -0.367572  0.000000  -0.242481  0.000000 )
(   0.183205  0.000000   0.565632  0.000000  -0.242481  0.000000 )
(   0.183205  0.000000  -0.367572  0.000000   0.373138  0.000000 )
   freq (   15) =    13.85728197 [THz] =   462.22910607 [cm-1]
(  -0.000014  0.000000  -0.001253  0.000000   0.001888  0.000000 )
(   0.000504  0.000000   0.044236  0.000000  -0.066676  0.000000 )
(   0.004625  0.000000  -0.263668  0.000000   0.397417  0.000000 )
(  -0.003005  0.000000   0.405741  0.000000   0.397417  0.000000 )
(  -0.003005  0.000000  -0.263668  0.000000  -0.611559  0.000000 )
***************************************************************************
