Dynamical matrix file
File generated with the CellConstructor by Lorenzo Monacelli
3 5 0     1.8897259890000000     0.0000000000000000     0.0000000000000000     0.0000000000000000     0.0000000000000000     0.0000000000000000
Basis vectors
    4.0162168494695329     0.0000000000000000     0.0000000000000001
   -0.0000000000000002     4.0162168494695285    -0.0000000000000146
   -0.0000000000000005    -0.0000000000000098     4.0162168494695232
	1  'Ba '  125165.9077335107867839
	2  'Ti '  43628.1030349454958923
	3  'O '  14582.1969301625977096
    1     1    -0.0000000000000001    -0.0000000000000000     0.0000000000000000
    2     2     2.0081084247347660     2.0081084247347594     2.0081084247347545
    3     3    -0.0000000000000003     2.0081084247347594     2.0081084247347545
    4     3     2.0081084247347660    -0.0000000000000049     2.0081084247347616
    5     3     2.0081084247347665     2.0081084247347643    -0.0000000000000073

     Dynamical Matrix in cartesian axes

     q = (    -0.124495269738    -0.000000000000    -0.000000000000 )

    1    1
     0.2640383786945856     0.0000000000000000       -0.0000000000000002     0.0000000000000000       -0.0000000000000002     0.0000000000000000
    -0.0000000000000002     0.0000000000000000        0.1177854789073823     0.0000000000000000        0.0000000000000003     0.0000000000000000
    -0.0000000000000002     0.0000000000000000        0.0000000000000003     0.0000000000000000        0.1177854789073828     0.0000000000000000
    1    2
     0.0000000000000000     0.0000000000000000       -0.0000000000000000     0.0000000000000000       -0.0000000000000000     0.0000000000000000
     0.0000000000000000     0.0000000000000000        0.0000000000000000     0.0000000000000000       -0.0000000000000000     0.0000000000000000
     0.0000000000000000     0.0000000000000000       -0.0000000000000000     0.0000000000000000       -0.0000000000000000     0.0000000000000000
    1    3
    -0.1308840045650098     0.0000000000000000        0.0000000000000000     0.0000000000000000        0.0000000000000000     0.0000000000000000
     0.0000000000000001     0.0000000000000000       -0.0156993609837285     0.0000000000000000       -0.0000000000000001     0.0000000000000000
     0.0000000000000000     0.0000000000000000       -0.0000000000000001     0.0000000000000000       -0.0156993609837285     0.0000000000000000
    1    4
    -0.0000000000000000     0.0000000000000000        0.0000000000000000     0.0000000000000000        0.0000000000000000     0.0000000000000000
    -0.0000000000000000     0.0000000000000000       -0.0000000000000000     0.0000000000000000        0.0000000000000000     0.0000000000000000
     0.0000000000000000     0.0000000000000000       -0.0000000000000000     0.0000000000000000        0.0000000000000000     0.0000000000000000
    1    5
    -0.0000000000000000     0.0000000000000000        0.0000000000000000     0.0000000000000000       -0.0000000000000000     0.0000000000000000
    -0.0000000000000000     0.0000000000000000        0.0000000000000000     0.0000000000000000        0.0000000000000000     0.0000000000000000
    -0.0000000000000000     0.0000000000000000        0.0000000000000000     0.0000000000000000       -0.0000000000000000     0.0000000000000000
    2    1
     0.0000000000000000     0.0000000000000000        0.0000000000000000     0.0000000000000000        0.0000000000000000     0.0000000000000000
    -0.0000000000000000     0.0000000000000000        0.0000000000000000     0.0000000000000000       -0.0000000000000000     0.0000000000000000
    -0.0000000000000000     0.0000000000000000       -0.0000000000000000     0.0000000000000000        0.0000000000000000     0.0000000000000000
    2    2
     0.5738200560247582     0.0000000000000000        0.0000000000000000     0.0000000000000000        0.0000000000000001     0.0000000000000000
     0.0000000000000000     0.0000000000000000       -0.0209119593615172     0.0000000000000000       -0.0000000000000001     0.0000000000000000
     0.0000000000000001     0.0000000000000000       -0.0000000000000001     0.0000000000000000       -0.0209119593615170     0.0000000000000000
    2    3
    -0.0000000000000000     0.0000000000000000        0.0000000000000000     0.0000000000000000        0.0000000000000000     0.0000000000000000
    -0.0000000000000000     0.0000000000000000        0.0000000000000000     0.0000000000000000        0.0000000000000000     0.0000000000000000
    -0.0000000000000000     0.0000000000000000       -0.0000000000000000     0.0000000000000000       -0.0000000000000000     0.0000000000000000
    2    4
    -0.1426535428442197     0.0000000000000000       -0.0000000000000000     0.0000000000000000       -0.0000000000000000     0.0000000000000000
    -0.0000000000000000     0.0000000000000000        0.1216418505068560     0.0000000000000000        0.0000000000000002     0.0000000000000000
    -0.0000000000000000     0.0000000000000000        0.0000000000000002     0.0000000000000000       -0.0168954811516689     0.0000000000000000
    2    5
    -0.1426535428442195     0.0000000000000000        0.0000000000000001     0.0000000000000000       -0.0000000000000000     0.0000000000000000
    -0.0000000000000000     0.0000000000000000       -0.0168954811516689     0.0000000000000000        0.0000000000000004     0.0000000000000000
    -0.0000000000000000     0.0000000000000000        0.0000000000000004     0.0000000000000000        0.1216418505068561     0.0000000000000000
    3    1
    -0.1308840045650098     0.0000000000000000        0.0000000000000001     0.0000000000000000        0.0000000000000000     0.0000000000000000
     0.0000000000000000     0.0000000000000000       -0.0156993609837285     0.0000000000000000       -0.0000000000000001     0.0000000000000000
     0.0000000000000000     0.0000000000000000       -0.0000000000000001     0.0000000000000000       -0.0156993609837285     0.0000000000000000
    3    2
    -0.0000000000000000     0.0000000000000000       -0.0000000000000000     0.0000000000000000       -0.0000000000000000     0.0000000000000000
     0.0000000000000000     0.0000000000000000        0.0000000000000000     0.0000000000000000       -0.0000000000000000     0.0000000000000000
     0.0000000000000000     0.0000000000000000        0.0000000000000000     0.0000000000000000       -0.0000000000000000     0.0000000000000000
    3    3
     0.4658307711848964     0.0000000000000000        0.0000000000000000     0.0000000000000000        0.0000000000000001     0.0000000000000000
     0.0000000000000000     0.0000000000000000        0.1317163979711879     0.0000000000000000        0.0000000000000008     0.0000000000000000
     0.0000000000000001     0.0000000000000000        0.0000000000000008     0.0000000000000000        0.1317163979711874     0.0000000000000000
    3    4
    -0.0000000000000000     0.0000000000000000        0.0000000000000000     0.0000000000000000        0.0000000000000000     0.0000000000000000
    -0.0000000000000000     0.0000000000000000        0.0000000000000000     0.0000000000000000        0.0000000000000000     0.0000000000000000
    -0.0000000000000000     0.0000000000000000        0.0000000000000000     0.0000000000000000        0.0000000000000000     0.0000000000000000
    3    5
    -0.0000000000000000     0.0000000000000000        0.0000000000000000     0.0000000000000000        0.0000000000000000     0.0000000000000000
    -0.0000000000000000     0.0000000000000000       -0.0000000000000000     0.0000000000000000        0.0000000000000000     0.0000000000000000
     0.0000000000000000     0.0000000000000000        0.0000000000000000     0.0000000000000000       -0.0000000000000000     0.0000000000000000
    4    1
     0.0000000000000000     0.0000000000000000       -0.0000000000000000     0.0000000000000000        0.0000000000000000     0.0000000000000000
     0.0000000000000000     0.0000000000000000       -0.0000000000000000     0.0000000000000000       -0.0000000000000000     0.0000000000000000
     0.0000000000000000     0.0000000000000000        0.0000000000000000     0.0000000000000000        0.0000000000000000     0.0000000000000000
    4    2
    -0.1426535428442197     0.0000000000000000       -0.0000000000000000     0.0000000000000000       -0.0000000000000000     0.0000000000000000
    -0.0000000000000000     0.0000000000000000        0.1216418505068559     0.0000000000000000        0.0000000000000002     0.0000000000000000
    -0.0000000000000000     0.0000000000000000        0.0000000000000002     0.0000000000000000       -0.0168954811516689     0.0000000000000000
    4    3
     0.0000000000000000     0.0000000000000000       -0.0000000000000000     0.0000000000000000       -0.0000000000000000     0.0000000000000000
     0.0000000000000000     0.0000000000000000        0.0000000000000000     0.0000000000000000       -0.0000000000000000     0.0000000000000000
     0.0000000000000000     0.0000000000000000        0.0000000000000000     0.0000000000000000        0.0000000000000000     0.0000000000000000
    4    4
     0.1635551828657506     0.0000000000000000       -0.0000000000000000     0.0000000000000000        0.0000000000000000     0.0000000000000000
    -0.0000000000000000     0.0000000000000000        0.0921437504772926     0.0000000000000000        0.0000000000000007     0.0000000000000000
     0.0000000000000000     0.0000000000000000        0.0000000000000007     0.0000000000000000        0.1236083446371758     0.0000000000000000
    4    5
     0.0424690056114134     0.0000000000000000       -0.0000000000000000     0.0000000000000000        0.0000000000000000     0.0000000000000000
    -0.0000000000000001     0.0000000000000000       -0.0936256657541510     0.0000000000000000       -0.0000000000000006     0.0000000000000000
     0.0000000000000000     0.0000000000000000       -0.0000000000000006     0.0000000000000000       -0.0936256657541511     0.0000000000000000
    5    1
    -0.0000000000000000     0.0000000000000000        0.0000000000000000     0.0000000000000000       -0.0000000000000000     0.0000000000000000
     0.0000000000000000     0.0000000000000000        0.0000000000000000     0.0000000000000000        0.0000000000000000     0.0000000000000000
    -0.0000000000000000     0.0000000000000000        0.0000000000000000     0.0000000000000000       -0.0000000000000000     0.0000000000000000
    5    2
    -0.1426535428442195     0.0000000000000000       -0.0000000000000000     0.0000000000000000       -0.0000000000000000     0.0000000000000000
     0.0000000000000001     0.0000000000000000       -0.0168954811516689     0.0000000000000000        0.0000000000000004     0.0000000000000000
    -0.0000000000000000     0.0000000000000000        0.0000000000000004     0.0000000000000000        0.1216418505068561     0.0000000000000000
    5    3
    -0.0000000000000000     0.0000000000000000       -0.0000000000000000     0.0000000000000000        0.0000000000000000     0.0000000000000000
     0.0000000000000000     0.0000000000000000        0.0000000000000000     0.0000000000000000        0.0000000000000000     0.0000000000000000
     0.0000000000000000     0.0000000000000000        0.0000000000000000     0.0000000000000000        0.0000000000000000     0.0000000000000000
    5    4
     0.0424690056114134     0.0000000000000000       -0.0000000000000001     0.0000000000000000        0.0000000000000000     0.0000000000000000
    -0.0000000000000000     0.0000000000000000       -0.0936256657541510     0.0000000000000000       -0.0000000000000006     0.0000000000000000
     0.0000000000000000     0.0000000000000000       -0.0000000000000006     0.0000000000000000       -0.0936256657541511     0.0000000000000000
    5    5
     0.1635551828657501     0.0000000000000000       -0.0000000000000000     0.0000000000000000        0.0000000000000000     0.0000000000000000
    -0.0000000000000000     0.0000000000000000        0.1236083446371758     0.0000000000000000        0.0000000000000006     0.0000000000000000
     0.0000000000000000     0.0000000000000000        0.0000000000000006     0.0000000000000000        0.0921437504772929     0.0000000000000000

     Dynamical Matrix in cartesian axes

     q = (     0.000000000000    -0.124495269738    -0.000000000000 )

    1    1
     0.1177854789073823     0.0000000000000000       -0.0000000000000001     0.0000000000000000       -0.0000000000000001     0.0000000000000000
    -0.0000000000000001     0.0000000000000000        0.2640383786945858     0.0000000000000000        0.0000000000000003     0.0000000000000000
    -0.0000000000000001     0.0000000000000000        0.0000000000000003     0.0000000000000000        0.1177854789073828     0.0000000000000000
    1    2
    -0.0000000000000000     0.0000000000000000       -0.0000000000000000     0.0000000000000000        0.0000000000000000     0.0000000000000000
    -0.0000000000000000     0.0000000000000000       -0.0000000000000000     0.0000000000000000        0.0000000000000000     0.0000000000000000
     0.0000000000000000     0.0000000000000000        0.0000000000000000     0.0000000000000000        0.0000000000000000     0.0000000000000000
    1    3
    -0.0000000000000000     0.0000000000000000       -0.0000000000000000     0.0000000000000000        0.0000000000000000     0.0000000000000000
    -0.0000000000000000     0.0000000000000000       -0.0000000000000000     0.0000000000000000       -0.0000000000000000     0.0000000000000000
     0.0000000000000000     0.0000000000000000        0.0000000000000000     0.0000000000000000        0.0000000000000000     0.0000000000000000
    1    4
    -0.0156993609837285     0.0000000000000000       -0.0000000000000000     0.0000000000000000        0.0000000000000000     0.0000000000000000
     0.0000000000000001     0.0000000000000000       -0.1308840045650101     0.0000000000000000       -0.0000000000000002     0.0000000000000000
     0.0000000000000000     0.0000000000000000       -0.0000000000000002     0.0000000000000000       -0.0156993609837285     0.0000000000000000
    1    5
     0.0000000000000000     0.0000000000000000       -0.0000000000000000     0.0000000000000000       -0.0000000000000000     0.0000000000000000
     0.0000000000000000     0.0000000000000000       -0.0000000000000000     0.0000000000000000       -0.0000000000000000     0.0000000000000000
     0.0000000000000000     0.0000000000000000       -0.0000000000000000     0.0000000000000000        0.0000000000000000     0.0000000000000000
    2    1
    -0.0000000000000000     0.0000000000000000       -0.0000000000000000     0.0000000000000000        0.0000000000000000     0.0000000000000000
     0.0000000000000000     0.0000000000000000        0.0000000000000000     0.0000000000000000        0.0000000000000000     0.0000000000000000
     0.0000000000000000     0.0000000000000000        0.0000000000000000     0.0000000000000000       -0.0000000000000000     0.0000000000000000
    2    2
    -0.0209119593615172     0.0000000000000000       -0.0000000000000000     0.0000000000000000       -0.0000000000000000     0.0000000000000000
    -0.0000000000000000     0.0000000000000000        0.5738200560247595     0.0000000000000000        0.0000000000000013     0.0000000000000000
    -0.0000000000000000     0.0000000000000000        0.0000000000000013     0.0000000000000000       -0.0209119593615170     0.0000000000000000
    2    3
     0.1216418505068557     0.0000000000000000        0.0000000000000000     0.0000000000000000        0.0000000000000000     0.0000000000000000
     0.0000000000000000     0.0000000000000000       -0.1426535428442199     0.0000000000000000       -0.0000000000000004     0.0000000000000000
     0.0000000000000000     0.0000000000000000       -0.0000000000000004     0.0000000000000000       -0.0168954811516689     0.0000000000000000
    2    4
     0.0000000000000000     0.0000000000000000        0.0000000000000000     0.0000000000000000        0.0000000000000000     0.0000000000000000
     0.0000000000000000     0.0000000000000000        0.0000000000000000     0.0000000000000000        0.0000000000000000     0.0000000000000000
     0.0000000000000000     0.0000000000000000       -0.0000000000000000     0.0000000000000000        0.0000000000000000     0.0000000000000000
    2    5
    -0.0168954811516688     0.0000000000000000        0.0000000000000000     0.0000000000000000       -0.0000000000000000     0.0000000000000000
    -0.0000000000000001     0.0000000000000000       -0.1426535428442198     0.0000000000000000        0.0000000000000001     0.0000000000000000
     0.0000000000000000     0.0000000000000000        0.0000000000000001     0.0000000000000000        0.1216418505068561     0.0000000000000000
    3    1
     0.0000000000000000     0.0000000000000000       -0.0000000000000000     0.0000000000000000        0.0000000000000000     0.0000000000000000
    -0.0000000000000000     0.0000000000000000       -0.0000000000000000     0.0000000000000000        0.0000000000000000     0.0000000000000000
     0.0000000000000000     0.0000000000000000       -0.0000000000000000     0.0000000000000000        0.0000000000000000     0.0000000000000000
    3    2
     0.1216418505068557     0.0000000000000000        0.0000000000000000     0.0000000000000000        0.0000000000000000     0.0000000000000000
     0.0000000000000000     0.0000000000000000       -0.1426535428442200     0.0000000000000000       -0.0000000000000004     0.0000000000000000
     0.0000000000000000     0.0000000000000000       -0.0000000000000004     0.0000000000000000       -0.0168954811516689     0.0000000000000000
    3    3
     0.0921437504772925     0.0000000000000000        0.0000000000000000     0.0000000000000000        0.0000000000000000     0.0000000000000000
     0.0000000000000000     0.0000000000000000        0.1635551828657510     0.0000000000000000        0.0000000000000009     0.0000000000000000
     0.0000000000000000     0.0000000000000000        0.0000000000000009     0.0000000000000000        0.1236083446371759     0.0000000000000000
    3    4
    -0.0000000000000000     0.0000000000000000        0.0000000000000000     0.0000000000000000        0.0000000000000000     0.0000000000000000
     0.0000000000000000     0.0000000000000000       -0.0000000000000000     0.0000000000000000        0.0000000000000000     0.0000000000000000
     0.0000000000000000     0.0000000000000000       -0.0000000000000000     0.0000000000000000        0.0000000000000000     0.0000000000000000
    3    5
    -0.0936256657541509     0.0000000000000000        0.0000000000000001     0.0000000000000000       -0.0000000000000000     0.0000000000000000
     0.0000000000000000     0.0000000000000000        0.0424690056114134     0.0000000000000000       -0.0000000000000002     0.0000000000000000
    -0.0000000000000000     0.0000000000000000       -0.0000000000000002     0.0000000000000000       -0.0936256657541512     0.0000000000000000
    4    1
    -0.0156993609837285     0.0000000000000000        0.0000000000000001     0.0000000000000000        0.0000000000000000     0.0000000000000000
    -0.0000000000000000     0.0000000000000000       -0.1308840045650101     0.0000000000000000       -0.0000000000000002     0.0000000000000000
     0.0000000000000000     0.0000000000000000       -0.0000000000000002     0.0000000000000000       -0.0156993609837285     0.0000000000000000
    4    2
     0.0000000000000000     0.0000000000000000        0.0000000000000000     0.0000000000000000       -0.0000000000000000     0.0000000000000000
     0.0000000000000000     0.0000000000000000        0.0000000000000000     0.0000000000000000       -0.0000000000000000     0.0000000000000000
    -0.0000000000000000     0.0000000000000000       -0.0000000000000000     0.0000000000000000       -0.0000000000000000     0.0000000000000000
    4    3
     0.0000000000000000     0.0000000000000000       -0.0000000000000000     0.0000000000000000        0.0000000000000000     0.0000000000000000
    -0.0000000000000000     0.0000000000000000       -0.0000000000000000     0.0000000000000000       -0.0000000000000000     0.0000000000000000
     0.0000000000000000     0.0000000000000000        0.0000000000000000     0.0000000000000000        0.0000000000000000     0.0000000000000000
    4    4
     0.1317163979711876     0.0000000000000000       -0.0000000000000000     0.0000000000000000        0.0000000000000000     0.0000000000000000
    -0.0000000000000000     0.0000000000000000        0.4658307711848979     0.0000000000000000        0.0000000000000016     0.0000000000000000
     0.0000000000000000     0.0000000000000000        0.0000000000000016     0.0000000000000000        0.1317163979711874     0.0000000000000000
    4    5
     0.0000000000000000     0.0000000000000000       -0.0000000000000000     0.0000000000000000       -0.0000000000000000     0.0000000000000000
     0.0000000000000000     0.0000000000000000        0.0000000000000000     0.0000000000000000        0.0000000000000000     0.0000000000000000
    -0.0000000000000000     0.0000000000000000        0.0000000000000000     0.0000000000000000        0.0000000000000000     0.0000000000000000
    5    1
     0.0000000000000000     0.0000000000000000       -0.0000000000000000     0.0000000000000000        0.0000000000000000     0.0000000000000000
    -0.0000000000000000     0.0000000000000000       -0.0000000000000000     0.0000000000000000       -0.0000000000000000     0.0000000000000000
    -0.0000000000000000     0.0000000000000000       -0.0000000000000000     0.0000000000000000        0.0000000000000000     0.0000000000000000
    5    2
    -0.0168954811516688     0.0000000000000000       -0.0000000000000001     0.0000000000000000        0.0000000000000000     0.0000000000000000
     0.0000000000000000     0.0000000000000000       -0.1426535428442198     0.0000000000000000        0.0000000000000001     0.0000000000000000
    -0.0000000000000000     0.0000000000000000        0.0000000000000001     0.0000000000000000        0.1216418505068561     0.0000000000000000
    5    3
    -0.0936256657541508     0.0000000000000000        0.0000000000000000     0.0000000000000000       -0.0000000000000000     0.0000000000000000
     0.0000000000000001     0.0000000000000000        0.0424690056114134     0.0000000000000000       -0.0000000000000002     0.0000000000000000
    -0.0000000000000000     0.0000000000000000       -0.0000000000000002     0.0000000000000000       -0.0936256657541512     0.0000000000000000
    5    4
     0.0000000000000000     0.0000000000000000       -0.0000000000000000     0.0000000000000000       -0.0000000000000000     0.0000000000000000
     0.0000000000000000     0.0000000000000000        0.0000000000000000     0.0000000000000000        0.0000000000000000     0.0000000000000000
    -0.0000000000000000     0.0000000000000000        0.0000000000000000     0.0000000000000000        0.0000000000000000     0.0000000000000000
    5    5
     0.1236083446371756     0.0000000000000000        0.0000000000000000     0.0000000000000000        0.0000000000000000     0.0000000000000000
     0.0000000000000000     0.0000000000000000        0.1635551828657505     0.0000000000000000        0.0000000000000007     0.0000000000000000
     0.0000000000000000     0.0000000000000000        0.0000000000000007     0.0000000000000000        0.0921437504772929     0.0000000000000000

     Dynamical Matrix in cartesian axes

     q = (     0.000000000000    -0.000000000000    -0.124495269738 )

    1    1
     0.1177854789073822     0.0000000000000000       -0.0000000000000001     0.0000000000000000       -0.0000000000000002     0.0000000000000000
    -0.0000000000000001     0.0000000000000000        0.1177854789073823     0.0000000000000000        0.0000000000000006     0.0000000000000000
    -0.0000000000000002     0.0000000000000000        0.0000000000000006     0.0000000000000000        0.2640383786945866     0.0000000000000000
    1    2
     0.0000000000000000     0.0000000000000000       -0.0000000000000000     0.0000000000000000        0.0000000000000000     0.0000000000000000
     0.0000000000000000     0.0000000000000000        0.0000000000000000     0.0000000000000000        0.0000000000000000     0.0000000000000000
    -0.0000000000000000     0.0000000000000000       -0.0000000000000000     0.0000000000000000       -0.0000000000000000     0.0000000000000000
    1    3
     0.0000000000000000     0.0000000000000000       -0.0000000000000000     0.0000000000000000       -0.0000000000000000     0.0000000000000000
    -0.0000000000000000     0.0000000000000000        0.0000000000000000     0.0000000000000000       -0.0000000000000000     0.0000000000000000
    -0.0000000000000000     0.0000000000000000       -0.0000000000000000     0.0000000000000000        0.0000000000000000     0.0000000000000000
    1    4
     0.0000000000000000     0.0000000000000000        0.0000000000000000     0.0000000000000000        0.0000000000000000     0.0000000000000000
     0.0000000000000000     0.0000000000000000       -0.0000000000000000     0.0000000000000000       -0.0000000000000000     0.0000000000000000
     0.0000000000000000     0.0000000000000000       -0.0000000000000000     0.0000000000000000        0.0000000000000000     0.0000000000000000
    1    5
    -0.0156993609837285     0.0000000000000000        0.0000000000000000     0.0000000000000000        0.0000000000000000     0.0000000000000000
    -0.0000000000000000     0.0000000000000000       -0.0156993609837285     0.0000000000000000       -0.0000000000000005     0.0000000000000000
     0.0000000000000001     0.0000000000000000       -0.0000000000000003     0.0000000000000000       -0.1308840045650106     0.0000000000000000
    2    1
     0.0000000000000000     0.0000000000000000        0.0000000000000000     0.0000000000000000       -0.0000000000000000     0.0000000000000000
    -0.0000000000000000     0.0000000000000000        0.0000000000000000     0.0000000000000000       -0.0000000000000000     0.0000000000000000
    -0.0000000000000000     0.0000000000000000        0.0000000000000000     0.0000000000000000       -0.0000000000000000     0.0000000000000000
    2    2
    -0.0209119593615172     0.0000000000000000        0.0000000000000000     0.0000000000000000       -0.0000000000000000     0.0000000000000000
     0.0000000000000000     0.0000000000000000       -0.0209119593615172     0.0000000000000000        0.0000000000000020     0.0000000000000000
    -0.0000000000000000     0.0000000000000000        0.0000000000000020     0.0000000000000000        0.5738200560247599     0.0000000000000000
    2    3
     0.1216418505068557     0.0000000000000000        0.0000000000000000     0.0000000000000000        0.0000000000000000     0.0000000000000000
     0.0000000000000000     0.0000000000000000       -0.0168954811516689     0.0000000000000000       -0.0000000000000006     0.0000000000000000
     0.0000000000000000     0.0000000000000000       -0.0000000000000006     0.0000000000000000       -0.1426535428442197     0.0000000000000000
    2    4
    -0.0168954811516689     0.0000000000000000        0.0000000000000000     0.0000000000000000        0.0000000000000000     0.0000000000000000
    -0.0000000000000000     0.0000000000000000        0.1216418505068560     0.0000000000000000       -0.0000000000000002     0.0000000000000000
     0.0000000000000000     0.0000000000000000       -0.0000000000000002     0.0000000000000000       -0.1426535428442197     0.0000000000000000
    2    5
    -0.0000000000000000     0.0000000000000000       -0.0000000000000000     0.0000000000000000        0.0000000000000000     0.0000000000000000
    -0.0000000000000000     0.0000000000000000        0.0000000000000000     0.0000000000000000        0.0000000000000000     0.0000000000000000
     0.0000000000000000     0.0000000000000000       -0.0000000000000000     0.0000000000000000       -0.0000000000000000     0.0000000000000000
    3    1
     0.0000000000000000     0.0000000000000000       -0.0000000000000000     0.0000000000000000       -0.0000000000000000     0.0000000000000000
    -0.0000000000000000     0.0000000000000000        0.0000000000000000     0.0000000000000000        0.0000000000000000     0.0000000000000000
    -0.0000000000000000     0.0000000000000000        0.0000000000000000     0.0000000000000000        0.0000000000000000     0.0000000000000000
    3    2
     0.1216418505068557     0.0000000000000000        0.0000000000000000     0.0000000000000000        0.0000000000000000     0.0000000000000000
     0.0000000000000000     0.0000000000000000       -0.0168954811516689     0.0000000000000000       -0.0000000000000006     0.0000000000000000
     0.0000000000000000     0.0000000000000000       -0.0000000000000006     0.0000000000000000       -0.1426535428442197     0.0000000000000000
    3    3
     0.0921437504772925     0.0000000000000000        0.0000000000000000     0.0000000000000000        0.0000000000000000     0.0000000000000000
     0.0000000000000000     0.0000000000000000        0.1236083446371763     0.0000000000000000        0.0000000000000009     0.0000000000000000
     0.0000000000000000     0.0000000000000000        0.0000000000000009     0.0000000000000000        0.1635551828657504     0.0000000000000000
    3    4
    -0.0936256657541510     0.0000000000000000        0.0000000000000000     0.0000000000000000       -0.0000000000000000     0.0000000000000000
    -0.0000000000000000     0.0000000000000000       -0.0936256657541512     0.0000000000000000       -0.0000000000000001     0.0000000000000000
    -0.0000000000000000     0.0000000000000000       -0.0000000000000001     0.0000000000000000        0.0424690056114133     0.0000000000000000
    3    5
     0.0000000000000000     0.0000000000000000        0.0000000000000000     0.0000000000000000        0.0000000000000000     0.0000000000000000
    -0.0000000000000000     0.0000000000000000        0.0000000000000000     0.0000000000000000       -0.0000000000000000     0.0000000000000000
    -0.0000000000000000     0.0000000000000000        0.0000000000000000     0.0000000000000000        0.0000000000000000     0.0000000000000000
    4    1
     0.0000000000000000     0.0000000000000000        0.0000000000000000     0.0000000000000000        0.0000000000000000     0.0000000000000000
     0.0000000000000000     0.0000000000000000       -0.0000000000000000     0.0000000000000000       -0.0000000000000000     0.0000000000000000
     0.0000000000000000     0.0000000000000000       -0.0000000000000000     0.0000000000000000        0.0000000000000000     0.0000000000000000
    4    2
    -0.0168954811516689     0.0000000000000000       -0.0000000000000000     0.0000000000000000        0.0000000000000000     0.0000000000000000
     0.0000000000000000     0.0000000000000000        0.1216418505068559     0.0000000000000000       -0.0000000000000002     0.0000000000000000
     0.0000000000000000     0.0000000000000000       -0.0000000000000002     0.0000000000000000       -0.1426535428442197     0.0000000000000000
    4    3
    -0.0936256657541510     0.0000000000000000        0.0000000000000000     0.0000000000000000       -0.0000000000000000     0.0000000000000000
     0.0000000000000000     0.0000000000000000       -0.0936256657541512     0.0000000000000000       -0.0000000000000001     0.0000000000000000
    -0.0000000000000000     0.0000000000000000       -0.0000000000000001     0.0000000000000000        0.0424690056114133     0.0000000000000000
    4    4
     0.1236083446371760     0.0000000000000000       -0.0000000000000000     0.0000000000000000        0.0000000000000000     0.0000000000000000
    -0.0000000000000000     0.0000000000000000        0.0921437504772926     0.0000000000000000        0.0000000000000008     0.0000000000000000
     0.0000000000000000     0.0000000000000000        0.0000000000000008     0.0000000000000000        0.1635551828657504     0.0000000000000000
    4    5
    -0.0000000000000000     0.0000000000000000        0.0000000000000000     0.0000000000000000       -0.0000000000000000     0.0000000000000000
     0.0000000000000000     0.0000000000000000        0.0000000000000000     0.0000000000000000       -0.0000000000000000     0.0000000000000000
     0.0000000000000000     0.0000000000000000        0.0000000000000000     0.0000000000000000       -0.0000000000000000     0.0000000000000000
    5    1
    -0.0156993609837285     0.0000000000000000       -0.0000000000000000     0.0000000000000000        0.0000000000000001     0.0000000000000000
     0.0000000000000000     0.0000000000000000       -0.0156993609837285     0.0000000000000000       -0.0000000000000003     0.0000000000000000
     0.0000000000000000     0.0000000000000000       -0.0000000000000005     0.0000000000000000       -0.1308840045650105     0.0000000000000000
    5    2
    -0.0000000000000000     0.0000000000000000       -0.0000000000000000     0.0000000000000000        0.0000000000000000     0.0000000000000000
    -0.0000000000000000     0.0000000000000000        0.0000000000000000     0.0000000000000000       -0.0000000000000000     0.0000000000000000
     0.0000000000000000     0.0000000000000000        0.0000000000000000     0.0000000000000000       -0.0000000000000000     0.0000000000000000
    5    3
     0.0000000000000000     0.0000000000000000       -0.0000000000000000     0.0000000000000000       -0.0000000000000000     0.0000000000000000
     0.0000000000000000     0.0000000000000000        0.0000000000000000     0.0000000000000000        0.0000000000000000     0.0000000000000000
    -0.0000000000000000     0.0000000000000000       -0.0000000000000000     0.0000000000000000        0.0000000000000000     0.0000000000000000
    5    4
    -0.0000000000000000     0.0000000000000000        0.0000000000000000     0.0000000000000000       -0.0000000000000000     0.0000000000000000
     0.0000000000000000     0.0000000000000000        0.0000000000000000     0.0000000000000000        0.0000000000000000     0.0000000000000000
    -0.0000000000000000     0.0000000000000000        0.0000000000000000     0.0000000000000000       -0.0000000000000000     0.0000000000000000
    5    5
     0.1317163979711871     0.0000000000000000        0.0000000000000000     0.0000000000000000        0.0000000000000000     0.0000000000000000
     0.0000000000000000     0.0000000000000000        0.1317163979711875     0.0000000000000000        0.0000000000000020     0.0000000000000000
     0.0000000000000000     0.0000000000000000        0.0000000000000020     0.0000000000000000        0.4658307711848987     0.0000000000000000

     Diagonalizing the dynamical matrix

     q = (    -0.124495269738    -0.000000000000    -0.000000000000 )

***************************************************************************
   freq (    1) =    -6.23272358 [THz] =  -207.90125025 [cm-1]
(   0.000000  0.000000  -0.000000  0.000000   0.000000  0.000000 )
(  -0.000000  0.000000   0.431493  0.000000   0.428406  0.000000 )
(   0.000000  0.000000   0.000000  0.000000   0.000000  0.000000 )
(   0.000000  0.000000  -0.513489  0.000000  -0.230146  0.000000 )
(   0.000000  0.000000  -0.231805  0.000000  -0.509815  0.000000 )
   freq (    2) =    -6.23272358 [THz] =  -207.90125025 [cm-1]
(   0.000000  0.000000   0.000000  0.000000  -0.000000  0.000000 )
(  -0.000000  0.000000  -0.428406  0.000000   0.431493  0.000000 )
(  -0.000000  0.000000  -0.000000  0.000000   0.000000  0.000000 )
(  -0.000000  0.000000   0.509815  0.000000  -0.231805  0.000000 )
(   0.000000  0.000000   0.230146  0.000000  -0.513489  0.000000 )
   freq (    3) =     3.16301086 [THz] =   105.50667050 [cm-1]
(   0.000000  0.000000   0.011134  0.000000   0.991237  0.000000 )
(   0.000000  0.000000   0.000000  0.000000   0.000000  0.000000 )
(   0.000000  0.000000   0.001478  0.000000   0.131615  0.000000 )
(   0.000000  0.000000   0.000000  0.000000   0.000000  0.000000 )
(   0.000000  0.000000   0.000000  0.000000  -0.000000  0.000000 )
   freq (    4) =     3.16301086 [THz] =   105.50667050 [cm-1]
(   0.000000  0.000000   0.991237  0.000000  -0.011134  0.000000 )
(   0.000000  0.000000   0.000000  0.000000  -0.000000  0.000000 )
(   0.000000  0.000000   0.131615  0.000000  -0.001478  0.000000 )
(   0.000000  0.000000  -0.000000  0.000000  -0.000000  0.000000 )
(   0.000000  0.000000  -0.000000  0.000000   0.000000  0.000000 )
   freq (    5) =     4.41155386 [THz] =   147.15357598 [cm-1]
(   0.958424  0.000000  -0.000000  0.000000  -0.000000  0.000000 )
(   0.000000  0.000000  -0.000000  0.000000   0.000000  0.000000 )
(   0.285349  0.000000  -0.000000  0.000000  -0.000000  0.000000 )
(  -0.000000  0.000000   0.000000  0.000000   0.000000  0.000000 )
(   0.000000  0.000000   0.000000  0.000000   0.000000  0.000000 )
   freq (    6) =     5.78531580 [THz] =   192.97733549 [cm-1]
(   0.000000  0.000000   0.000000  0.000000  -0.000000  0.000000 )
(   0.000000  0.000000   0.300811  0.000000  -0.192873  0.000000 )
(  -0.000000  0.000000  -0.000000  0.000000   0.000000  0.000000 )
(   0.000000  0.000000   0.472628  0.000000  -0.402871  0.000000 )
(   0.000000  0.000000   0.628330  0.000000  -0.303038  0.000000 )
   freq (    7) =     5.78531580 [THz] =   192.97733549 [cm-1]
(  -0.000000  0.000000   0.000000  0.000000  -0.000000  0.000000 )
(   0.000000  0.000000   0.192873  0.000000   0.300811  0.000000 )
(  -0.000000  0.000000   0.000000  0.000000  -0.000000  0.000000 )
(  -0.000000  0.000000   0.303038  0.000000   0.628330  0.000000 )
(   0.000000  0.000000   0.402871  0.000000   0.472628  0.000000 )
   freq (    8) =     7.80410006 [THz] =   260.31672025 [cm-1]
(   0.000000  0.000000   0.000000  0.000000   0.000000  0.000000 )
(  -0.523538  0.000000   0.000000  0.000000   0.000000  0.000000 )
(  -0.000000  0.000000  -0.000000  0.000000  -0.000000  0.000000 )
(  -0.602457  0.000000   0.000000  0.000000   0.000000  0.000000 )
(  -0.602457  0.000000   0.000000  0.000000  -0.000000  0.000000 )
   freq (    9) =     9.48005985 [THz] =   316.22071340 [cm-1]
(   0.000000  0.000000  -0.000000  0.000000   0.000000  0.000000 )
(   0.000000  0.000000  -0.000000  0.000000   0.000000  0.000000 )
(  -0.000000  0.000000   0.000000  0.000000  -0.000000  0.000000 )
(   0.707107  0.000000   0.000000  0.000000   0.000000  0.000000 )
(  -0.707107  0.000000   0.000000  0.000000   0.000000  0.000000 )
   freq (   10) =     9.89654764 [THz] =   330.11324881 [cm-1]
(  -0.000000  0.000000  -0.008825  0.000000   0.012703  0.000000 )
(   0.000000  0.000000   0.000000  0.000000  -0.000000  0.000000 )
(   0.000000  0.000000   0.570498  0.000000  -0.821154  0.000000 )
(   0.000000  0.000000  -0.000000  0.000000  -0.000000  0.000000 )
(   0.000000  0.000000  -0.000000  0.000000  -0.000000  0.000000 )
   freq (   11) =     9.89654764 [THz] =   330.11324881 [cm-1]
(   0.000000  0.000000  -0.012703  0.000000  -0.008825  0.000000 )
(  -0.000000  0.000000   0.000000  0.000000  -0.000000  0.000000 )
(  -0.000000  0.000000   0.821154  0.000000   0.570498  0.000000 )
(  -0.000000  0.000000  -0.000000  0.000000  -0.000000  0.000000 )
(  -0.000000  0.000000  -0.000000  0.000000  -0.000000  0.000000 )
   freq (   12) =    12.66186671 [THz] =   422.35435082 [cm-1]
(  -0.000000  0.000000   0.000000  0.000000  -0.000000  0.000000 )
(  -0.000000  0.000000   0.106250  0.000000   0.094999  0.000000 )
(  -0.000000  0.000000   0.000000  0.000000  -0.000000  0.000000 )
(   0.000000  0.000000   0.508493  0.000000  -0.478058  0.000000 )
(  -0.000000  0.000000  -0.534674  0.000000   0.454649  0.000000 )
   freq (   13) =    12.66186671 [THz] =   422.35435082 [cm-1]
(   0.000000  0.000000   0.000000  0.000000  -0.000000  0.000000 )
(   0.000000  0.000000   0.094999  0.000000  -0.106250  0.000000 )
(  -0.000000  0.000000   0.000000  0.000000  -0.000000  0.000000 )
(  -0.000000  0.000000   0.454649  0.000000   0.534674  0.000000 )
(  -0.000000  0.000000  -0.478058  0.000000  -0.508493  0.000000 )
   freq (   14) =    15.30883152 [THz] =   510.64758053 [cm-1]
(  -0.000000  0.000000   0.000000  0.000000   0.000000  0.000000 )
(  -0.477825  0.000000   0.000000  0.000000  -0.000000  0.000000 )
(  -0.000000  0.000000   0.000000  0.000000   0.000000  0.000000 )
(   0.621162  0.000000   0.000000  0.000000   0.000000  0.000000 )
(   0.621162  0.000000  -0.000000  0.000000   0.000000  0.000000 )
   freq (   15) =    18.68460395 [THz] =   623.25121198 [cm-1]
(   0.034665  0.000000   0.000000  0.000000  -0.000000  0.000000 )
(   0.000000  0.000000  -0.000000  0.000000  -0.000000  0.000000 )
(  -0.999399  0.000000  -0.000000  0.000000  -0.000000  0.000000 )
(  -0.000000  0.000000  -0.000000  0.000000   0.000000  0.000000 )
(   0.000000  0.000000   0.000000  0.000000  -0.000000  0.000000 )
***************************************************************************
